int 10 30 93 41 52 86 18 93 53 56 56
char 11 t p g m s p t o d j a
double 12 3.94 1.32 4.92 0.77 9.28 3.3 9.27 8.68 1.94 2.56 3.02 6
double 13 1.43 9.73 5.43 8.16 0.34 4.06 0.59 7.45 4.49 9.22 3.76 0.35 9.95
bool 13 1 1 0 0 0 1 1 0 1 0 1 0 1
int 14 28 21 34 92 32 63 76 40 24 10 17 19 22 8
int 18 57 74 22 14 62 36 26 89 96 24 61 41 86 89 29 88 83 51
double 19 6.69 1.76 1.93 4.2 9.5 5.12 1.83 8.57 4.78 8.93 4.3 1.37 7.93 2.99 3.89 6 8.67 5.12 1.53
int 20 30 59 5 7 88 18 27 17 95 97 42 10 2 87 76 77 35 95 31 22
double 21 9.81 3.95 0.01 4.85 2.45 3.27 3.48 3.4 8.41 5.52 0.33 3.76 2.71 3.97 4.54 3.82 3.37 1.72 7.84 9.66 3.91
int 22 26 43 74 27 3 71 1 22 4 94 63 68 55 5 15 79 92 44 40 71 86 14
double 23 1.99 1.05 5.2 3.64 1.45 4.89 4.7 8.44 1.13 7.92 6.3 1.69 8.97 6.01 3.87 7.93 2.51 5.27 2.94 2.13 1.62 9.82 6.09
double 23 9.79 5.44 9.39 0.99 2.67 2.94 2.29 6.88 6.82 4.72 0.64 3.58 0.29 9.41 0.4 1.74 7.6 2.47 9.25 5.88 6.43 5.72 7.36
int 23 77 67 94 73 48 11 32 22 59 79 7 1 64 79 62 70 5 99 85 85 83 73 40
bool 25 1 0 1 1 1 0 1 0 1 0 0 0 0 0 1 1 1 0 1 1 0 1 0 1 1
char 26 e f t e p g t k a k b e j h c k e d a e i h b a c e
char 27 f d g p k c p d f m j a n r q d n g m q c s l g o j c
char 27 j q e p f s d d e g p k p h d m l e h q r l k d a t k
double 28 2.69 5.48 0.53 2.59 3.79 6.81 9.6 7.11 5.68 1.86 0.34 1.96 0.77 1.55 8.11 6.62 9.3 4.62 0.26 7.91 6.66 8.88 6.95 9.93 0.18 1.45 7.52 1.03
bool 28 1 1 0 0 1 1 0 0 1 0 0 0 0 1 1 0 1 1 0 1 0 0 1 0 1 1 1 1
bool 30 1 0 0 0 1 0 1 0 0 0 0 1 0 1 1 1 0 0 1 0 0 1 1 1 1 1 0 0 0 1
char 31 i s a k i s h o m a q s p p c d t j i a k f m j g m m r e k h
int 33 8 34 95 67 92 60 63 93 52 23 26 5 62 19 33 61 41 56 24 42 20 49 26 23 5 99 69 68 29 20 3 18 44
int 35 56 22 56 94 52 71 89 88 63 30 91 91 12 32 83 45 13 84 92 12 58 21 20 12 78 15 29 60 24 53 28 16 10 32 82
double 36 4.59 4.73 5.56 4.49 2 2.27 8.94 2.26 7.57 7.64 9.97 5.97 4.66 2.31 6.99 1.17 6.65 3.8 4.95 1.15 4.38 9.15 5.12 9.4 8.78 1.61 9.49 3.8 8.42 1.39 5.49 4.66 3.01 8.8 6.29 8.07
bool 37 0 1 0 1 1 1 1 1 0 0 1 0 0 1 0 0 1 1 1 1 1 1 1 0 0 0 0 0 0 1 0 1 1 1 1 0 1
char 37 m o n n c n t k e n h s o k h s j p q p c e j f o f b h q d n o j f o j h
bool 37 0 1 1 1 0 0 0 0 0 0 0 0 0 0 0 0 1 1 1 0 0 0 1 1 0 1 0 0 1 1 1 0 0 1 1 0 0
char 38 k m n m l c n k r f a g d e c h r f h p i t t r c h l l j j t b i f r f n c
int 38 37 5 47 61 31 56 20 74 32 46 68 76 58 99 75 45 9 73 43 77 37 80 76 66 26 19 66 96 70 83 47 69 37 69 32 67 4 56
bool 39 0 1 0 1 0 0 0 0 1 0 0 0 1 1 1 0 0 0 0 0 1 0 0 0 1 1 1 1 1 1 1 1 0 0 1 1 0 1 0
int 40 29 8 43 94 91 73 57 24 72 80 22 47 47 22 18 29 99 57 11 49 37 88 43 83 30 57 61 61 38 77 17 90 60 62 18 4 87 11 65 36
char 42 r l t r h t k j k i g e e l j a s n n b c l k r o m l f d h s t r q c l h n c m o a
double 43 3.62 9.58 6.56 3.62 1.72 7.93 3.14 2.26 0.88 2.96 8.14 8.66 3.79 7.8 5.3 9.63 1.7 2.06 5.93 3.42 1.85 6.81 5.79 8.08 4.07 7.27 6.15 4.53 2 3.04 3.43 8.28 0.15 6.84 4.51 6.98 3.58 9.08 0.8 9.73 1.67 6.28 9.05
char 43 s o c t q s d o d t m k m m n i t b n h h t g l q k r o r o d e t o j m f c t q l m s
int 44 3 99 8 80 24 57 48 20 26 25 42 45 77 69 21 13 55 29 41 52 14 12 24 75 47 74 57 62 15 75 99 16 82 30 3 20 40 95 17 64 28 24 89 95
bool 44 0 1 0 0 0 0 1 1 0 1 0 1 0 0 1 1 0 1 0 1 1 0 0 1 1 0 1 0 0 0 1 1 0 0 1 1 0 1 0 0 0 1 1 1
int 45 58 92 87 74 2 74 40 31 78 85 54 94 77 97 13 13 91 94 50 88 36 20 45 90 59 82 19 70 25 94 12 94 7 61 51 6 13 23 70 91 40 13 36 58 41
double 46 7.9 8.02 9.18 3.62 2.34 5.28 2.91 8.04 8.86 6.7 8.19 2.21 6 0.51 0.03 9.48 0.33 7.04 8.9 3.85 6.24 3.01 8.13 2.42 6.71 2.82 7.86 5.7 5.75 2.89 7.22 2.66 1.09 7.5 2.69 7.61 6.54 7.23 6.01 7.87 2.25 3.97 6.25 5.56 4.25 7.62
bool 47 1 0 1 1 0 0 1 1 0 1 0 1 0 0 0 0 1 1 0 1 1 1 0 0 1 1 0 1 0 1 0 1 0 0 1 0 1 1 1 1 1 1 1 0 1 1 0
double 48 7.55 7.24 0.77 1.35 2.16 0.07 9.92 8.59 9.35 9.32 7.71 2.28 6.99 0.56 7.51 5.07 2.21 8.73 1.37 6.22 6.95 3.99 4.3 1.54 2.97 7 9.41 1.93 3.97 6.12 0.42 8.12 1.28 8.83 8.94 1.11 5.67 4.14 7.62 9.17 8.36 6.91 5.72 3.97 5.46 3.02 8.14 3.96
int 49 57 34 12 25 8 2 48 41 95 51 18 91 80 70 36 89 69 88 60 61 47 50 95 56 41 93 21 69 89 97 4 80 54 71 87 53 5 80 85 43 96 47 7 71 26 3 91 59 31
bool 50 1 1 1 0 1 1 1 0 1 0 0 1 0 1 1 1 1 0 1 0 1 1 0 1 1 0 0 0 1 0 1 1 1 0 1 1 0 1 1 1 0 0 1 0 1 1 1 0 1 1
bool 50 1 0 0 1 0 1 1 1 0 0 0 0 0 1 0 0 1 1 0 1 0 0 0 1 0 1 1 0 1 1 0 1 0 0 0 1 1 0 1 0 1 1 1 1 0 1 1 0 0 0
double 52 2.5 1.53 6.47 0.5 8.78 2.64 0.24 8.27 5.48 4.21 3.84 7.97 0.57 3.69 9.86 7.43 2.9 7.84 9.2 4.01 5.79 0.07 2.56 8.25 1.72 7.92 9.94 3.67 6.7 0.84 0.02 7.81 8.09 2.02 7.41 6.35 5.23 3.68 1.97 7.51 4.95 9.82 2.6 9.03 4.47 8.72 6.88 0.45 3.38 0.07 0.48 7.49
bool 52 1 0 0 0 1 1 1 1 1 1 1 0 0 1 0 1 1 1 0 1 1 0 1 1 1 1 1 1 0 1 1 0 1 1 1 0 0 1 0 0 1 0 1 0 1 1 0 1 0 1 1 1
bool 53 1 1 1 1 0 0 0 1 0 1 0 1 0 0 1 0 0 1 0 1 0 0 0 1 0 0 1 0 1 0 1 1 1 1 1 1 1 1 0 1 1 0 0 0 1 0 0 0 0 1 1 0 0
int 53 31 96 3 29 93 22 19 23 86 41 30 78 49 59 58 89 30 87 45 55 30 45 86 87 95 61 64 65 64 93 28 59 82 63 23 1 96 72 60 52 32 55 98 15 89 53 79 27 40 9 81 47 87
int 54 13 12 21 73 92 11 4 49 36 49 26 87 36 66 74 33 28 35 71 25 11 15 51 7 58 25 58 39 73 16 69 42 12 71 74 56 72 35 75 89 58 62 90 51 25 32 53 98 2 63 79 65 82 62
bool 54 0 0 0 1 1 1 0 1 0 1 1 0 1 0 0 1 0 0 1 1 0 1 0 0 1 0 0 1 0 1 0 0 1 1 1 1 0 1 1 1 0 1 1 1 0 0 0 1 1 0 0 1 0 0
int 54 12 38 86 63 2 96 80 43 73 52 99 36 37 87 24 35 79 3 91 14 1 17 33 4 85 71 34 35 69 27 55 78 4 6 61 37 17 43 84 26 7 59 78 41 7 23 44 88 13 63 76 99 26 50
int 55 1 17 6 8 40 39 31 3 9 2 88 65 51 4 28 54 27 25 19 46 3 91 10 60 32 85 86 56 91 1 15 39 30 13 45 28 22 88 12 64 39 73 6 81 81 53 46 48 22 43 30 27 30 28 94
int 57 91 70 73 94 29 38 84 85 6 93 68 15 89 72 29 77 27 89 97 70 71 19 66 14 54 28 83 27 74 47 90 20 9 62 2 88 28 32 30 7 9 20 57 93 58 43 5 25 98 74 95 63 64 2 6 64 9
double 57 6.32 9.22 3.64 5.66 7.77 5.74 9.67 7.55 6.38 9.19 5.85 6.3 0.08 0.97 4.68 4.96 3.69 2.09 2.2 8.27 3.82 4.48 9.42 0.54 0.81 2.55 2.9 1.48 8.12 6.57 9.27 1.16 6.43 3.21 9.6 1.31 6.08 3.48 1.59 0.62 5.98 4.11 8.33 9.29 9.81 2.87 8.9 8.48 3.82 5.36 0.42 6.27 5.42 2.21 2.51 8.88 2.07
char 58 i d i r j a f b o d e k a j k l c c g i a n q c a i j m h d e l k l c e o p g p c t p b b k p r g e a d l p k a e t
bool 59 0 1 1 1 1 0 1 1 1 0 0 0 0 0 0 0 1 0 0 1 0 1 1 1 0 0 0 0 0 0 1 0 1 1 0 0 0 0 1 1 0 0 1 0 1 0 0 0 1 1 1 0 0 0 0 1 1 1 1
int 60 87 6 30 9 45 84 30 69 32 22 73 67 90 40 17 69 54 48 17 28 48 24 61 17 99 33 22 52 41 71 76 25 74 29 34 43 57 71 50 69 41 44 55 79 71 95 92 16 92 45 58 70 60 47 84 19 82 70 4 8
int 61 96 36 99 38 9 15 73 35 82 51 34 32 11 42 76 15 24 89 50 85 40 22 76 25 53 9 19 48 41 81 50 10 15 98 81 79 96 12 88 79 74 60 55 12 88 53 85 49 21 45 3 84 95 37 28 35 16 47 86 32 76
char 64 l s p m q b b q k r n n f s a r e e s s r m c f r i m t a s q o p t t c i g l a c l g t r n f l d q j i c q h e p p b j s l c j
double 66 7.6 9.39 6.87 8.64 8.62 7.67 0.18 5.51 3.77 1.14 9.43 0.52 8.13 6.13 5.64 9.7 6.44 0.45 0.12 5.14 6.37 5.82 2.55 5.52 0.73 9.41 3.46 3.66 3.39 5.23 2.84 9.09 4.86 2.21 6.09 6.08 2.57 0.42 6.07 5.87 0.39 8.47 8.96 4.67 7.06 3.36 1.56 5.65 3.14 9.21 7.27 4.96 3.65 4.05 6.13 2.22 3.58 7.42 4.67 7.84 3.84 2.77 7.46 6.83 6.93 4.18
int 66 81 42 24 14 24 61 90 7 41 82 19 17 27 41 87 20 63 39 4 46 80 31 96 83 45 44 36 12 34 71 28 29 89 18 5 25 21 54 47 6 14 64 23 60 5 58 97 43 14 79 70 11 70 7 15 81 70 16 93 84 88 66 3 92 48 10
bool 66 1 1 1 0 0 1 1 0 1 0 0 0 1 1 1 1 0 1 0 0 1 0 1 0 1 1 1 0 1 1 1 1 0 1 0 1 1 1 1 1 0 0 0 0 0 1 0 1 0 0 0 1 1 1 1 1 0 0 0 0 1 1 1 0 1 0
bool 68 1 1 0 1 0 0 0 0 1 0 1 0 1 0 0 1 1 1 0 1 1 1 1 1 1 0 0 1 1 0 1 1 0 1 0 1 0 0 0 1 0 0 1 0 1 1 0 1 1 1 1 0 0 0 0 0 0 1 1 0 0 1 1 1 0 0 1 0
double 69 3.07 2.27 3.57 8.24 8.9 0.92 3.11 2.06 6.28 1.56 7.45 6.2 0.82 6.82 7.87 7.85 2.14 2.95 6.34 2.49 6.83 5.11 7.87 3.26 4.09 2.15 9.01 9.79 7.96 8.59 0.69 5.85 7.46 5.7 4.28 0.2 0.84 4.76 6.28 1.29 8.99 2.75 8.07 5.55 2.08 5.5 6.21 2.53 6.37 7.84 3.74 9.02 5.8 7.24 3.19 1.08 4.47 2.35 7.3 2.99 4.28 6.25 0.47 3.16 5.81 9.07 0.36 6.35 5.16
char 69 h t j t e a q g c k g p t c b r o h m f q m h k h n h t l q m f h j r t m m s s f g s m k n r o n p e r p r e a f e b c e q s q j o s q b
double 70 2.03 3.37 2.41 8.39 4.49 8.99 0.24 7.46 3.54 6.51 6.86 7.42 4.34 9.49 2.86 2.3 3.3 6.12 9.39 0.88 4.72 4.97 0.84 0.47 7.54 2.45 5.74 3.63 0.24 7.6 9.79 0.26 2.86 8.6 2.38 7.95 0.59 9.96 5.34 5.12 5.14 2.28 7.01 2.91 0.16 1.12 5.12 9.87 0.53 1.8 4.88 9.18 7.77 1.26 1.48 1.02 9.75 6.48 9.2 1.72 5.51 8.38 0.79 0.69 3.78 8.66 8.03 9.37 3.64 7.9
int 71 55 20 37 47 92 32 38 50 61 20 96 96 4 44 8 33 71 93 77 23 35 98 56 7 50 91 82 40 32 37 61 69 49 77 56 71 66 24 45 40 99 75 88 56 54 64 54 17 51 23 48 39 39 98 13 74 5 77 64 86 72 78 94 42 58 24 4 96 1 66 16
char 73 t q h j t c j f c m o a a o h k f g h o b q l d j s b j e l o q a g j d i g c i p m h h p t c j d n s a l p g t i g q q p i s c p e m a l d n t m
int 73 4 40 51 17 54 11 50 63 56 38 60 39 71 95 93 67 33 84 84 16 80 79 44 27 87 61 29 36 80 6 37 30 69 94 75 83 38 14 67 76 91 78 27 80 84 47 27 69 21 4 39 96 60 70 74 20 78 13 80 5 6 80 3 52 38 62 47 63 17 38 56 9 50
bool 76 1 1 1 0 1 1 1 0 1 1 1 1 1 0 1 1 1 0 0 0 0 0 1 0 1 1 0 0 0 1 0 0 0 1 0 1 1 1 1 0 1 1 1 1 1 1 0 1 0 0 1 0 0 1 1 1 0 1 1 1 0 0 0 0 1 1 1 0 1 1 0 1 0 0 1 1
double 82 2.83 1.73 9.14 7 7.36 2.77 7.51 9.35 6.8 5.69 2.16 4.58 9.9 5.91 1.44 3.62 6.02 9.86 9.22 3.06 8.48 9.62 5.81 2.43 7.24 8.9 3.61 2.63 3.8 5.72 1.41 4.07 1.16 0.19 3.29 4.44 2.31 3.69 4.37 0.14 2.8 8.3 5.52 7.8 9.67 7.64 6.26 3.74 5.87 0.75 3 4.56 7.08 8.29 3.65 0.27 3.72 0.95 9.42 0.37 8.09 1.32 4.19 8.79 2.28 3.36 0.64 9.67 9.56 2.55 0.19 2.32 5.6 0.55 8.73 9.81 5.77 8.67 9.88 5.61 5.25 4
bool 82 1 0 1 0 0 0 0 1 0 0 0 0 1 1 1 1 0 0 1 1 0 0 1 1 0 1 0 0 0 1 1 1 1 0 1 1 1 0 1 0 0 1 1 1 0 0 1 1 1 0 0 0 1 1 0 0 0 1 0 0 0 1 1 0 1 0 1 0 0 1 1 1 1 1 0 0 0 0 1 0 0 0
bool 83 1 1 1 1 0 0 1 1 1 1 0 0 0 0 0 1 0 1 0 0 1 1 1 0 0 1 1 0 0 0 0 0 0 1 1 1 0 0 0 0 1 0 1 0 1 1 1 1 1 1 0 0 0 0 1 1 0 0 0 0 0 1 1 0 1 1 0 1 0 1 0 0 1 0 1 0 0 0 0 1 0 1 1
bool 83 0 1 0 0 0 1 0 0 1 1 0 1 1 1 1 1 1 1 1 1 0 0 0 1 1 0 0 1 0 1 1 1 1 0 1 0 0 1 0 1 0 0 0 0 1 0 1 0 1 0 0 1 1 0 0 1 0 0 1 1 0 1 0 1 0 1 1 1 0 0 1 1 1 1 0 0 0 0 0 1 0 1 0
bool 84 1 1 0 0 1 1 0 0 1 1 0 0 1 1 0 1 0 1 1 1 0 1 1 0 1 0 1 0 0 1 0 0 0 1 1 1 0 0 0 1 1 0 0 1 1 0 1 1 0 1 1 0 0 0 0 1 1 1 1 1 1 0 0 0 1 0 0 0 0 0 0 0 0 1 0 0 1 1 0 1 1 1 1 1
int 84 31 69 57 16 7 19 67 11 29 56 91 81 44 89 37 19 32 77 22 65 52 14 16 81 16 81 33 58 26 99 16 15 32 40 78 12 91 63 31 51 51 78 13 13 6 15 49 32 70 73 88 72 92 46 83 45 77 16 84 57 86 17 53 69 54 30 28 8 68 33 76 91 56 21 46 96 11 78 77 82 64 74 55 60
bool 86 0 0 0 1 0 1 0 1 1 1 1 1 1 0 0 0 0 0 1 0 1 1 1 1 0 0 1 0 1 1 0 0 1 1 1 0 1 1 0 0 0 0 1 0 1 0 1 0 1 0 0 1 0 1 1 1 1 0 0 0 1 1 1 0 1 1 0 0 1 1 1 1 1 0 0 0 1 0 0 0 1 1 1 1 1 1
double 86 0.54 3.59 8.27 3.25 9.62 7.41 0.93 3.53 8.66 4.35 7.4 6.28 2.05 5.28 7.79 2.56 1.53 8.93 6.47 3.09 7.4 2.7 0.11 3.5 6.81 8.16 4.94 0.64 2.18 6.07 8.67 2.2 3.57 3.9 0.78 9.81 6.21 9.33 0.25 1.08 8.77 9.22 9.32 8.14 0.38 9.82 9.89 1.67 3.03 5.8 4.63 2.16 8.55 8.28 9.88 2.91 7.81 3.1 9.08 6.99 5.02 1.51 0.8 7.7 8 5.73 5.15 4 0.8 8.35 9.01 3.95 5.66 7.69 9.62 7.27 8.09 4.28 3.89 8.3 9.55 2.89 9.09 2.85 5.61 6.61
char 87 s f b l t n s h f l m b m i s e p a s b c p m o k j a t o k k b d f c p r e n h s j j k o e k o c b o k e i d r k c s r a n n l k e f o j q k n k g c t l p k b r t n f b a l
double 87 8.13 8.45 5.72 2.95 1.4 1.34 5.07 7.47 8.42 8.71 2.21 7.84 9.58 5.83 9.82 8.65 8.24 1.39 6.02 8.73 0.55 3.61 6.34 1.9 8.53 8.55 6.86 1.34 9.27 9.47 2.45 7.47 3.36 2.64 0.54 1.4 7.65 8.36 8.44 8.28 6.73 0.57 4.7 9.83 0.23 3.18 3.4 7.98 8.15 9.7 7.25 3.07 2.01 6.86 9.25 9.95 6.13 1.83 1.62 8.62 5.51 6.73 0.7 7.53 0.73 8.96 1.56 9.02 1.09 8.13 3.32 4.26 9.13 3.95 9.96 1.75 7.68 4.04 3.49 5.12 9.6 5.67 8.67 7.08 7.9 9.57 6.32
double 89 7.72 1.38 7.16 8 5.93 6.68 0.66 4.97 1.22 7.15 1.96 8.55 3.4 3.94 8.98 4.55 1.54 3.25 0.93 1.54 0.52 1.69 1.03 3.9 1.25 1.8 3.1 8.4 6.41 1.99 2.62 4.65 8.47 9.54 0.77 6.72 8.38 4.41 9.2 6.48 8.35 3.28 9.07 3.76 3.9 5.7 6.54 6.63 1.49 9.91 9.75 9.49 2.23 2.21 9.55 5.15 3.44 8.8 8.18 4.15 0.21 7.28 5.41 1.68 3.45 1.21 8.07 5.7 9.72 7.68 9.38 3.09 6.68 2.79 7.25 0.65 1.03 3.99 5.17 0.95 5.44 1.22 6.4 1.91 3.2 4.37 4.18 2.12 2.6
double 89 5.47 5.29 6.46 5.54 2.71 0.92 2.72 3.69 4.66 7.86 5.87 1.43 0.84 0.82 1.18 6.39 5.35 5.74 1.54 5.75 2.97 2.92 1.8 6.66 0.3 8.36 1.95 3.29 5.33 1.56 2.45 5.76 5.3 8.25 4.55 8.12 7.71 5.02 3.33 5.77 0.31 2.84 5 4.66 0.6 4.66 6.14 1.75 1.36 7.18 5.14 6.13 7.76 5.9 6.8 0.05 4.36 2.4 2.05 2.75 6.45 5.05 4.14 6.97 8.07 9.24 9.81 8.79 1.43 9.01 9.73 4.34 6.88 0.83 5.24 4.25 2.47 4.87 1.89 6.73 6.28 0.6 1.63 5.74 3.61 0.66 1.22 4.46 8.18
bool 89 0 1 0 0 1 1 0 0 0 1 0 0 0 0 0 0 1 1 1 1 0 0 1 1 0 0 1 1 0 1 0 0 1 0 1 1 0 1 1 0 1 1 0 1 0 1 1 1 1 0 1 0 1 0 1 0 0 1 0 0 1 0 1 1 0 1 1 1 1 0 0 1 1 0 0 0 1 0 1 0 0 1 0 0 1 1 1 1 1
bool 91 1 1 0 0 1 0 1 1 1 0 1 1 0 1 0 0 0 1 1 1 0 1 1 0 1 1 1 1 1 0 0 1 1 1 1 0 1 0 0 0 1 0 0 0 1 0 1 1 1 0 0 0 1 1 0 1 0 1 0 0 1 0 0 0 0 0 0 0 0 0 1 1 0 0 0 1 1 0 1 1 1 0 1 0 0 1 0 1 0 1 0
int 92 26 90 32 53 2 87 77 93 71 1 64 58 82 57 63 27 48 63 95 38 69 58 69 62 90 32 70 67 86 20 26 53 73 18 35 76 68 88 91 30 82 23 28 34 89 40 79 17 19 73 21 85 82 68 29 46 94 46 69 94 31 1 82 5 94 85 1 15 62 76 60 8 1 88 78 98 77 50 59 2 65 62 82 34 86 34 6 24 2 67 69 21
char 94 t i l e r d s k m n n h g a r t m p b g e f a g f r m m k s b q o e q b n q m l s s m q p f f j t e j b m e l j n o d a q b f r q h o o a n b b s s l s l m p s c d g q e b s r p r a o s d
bool 95 1 1 1 0 1 0 1 0 0 1 0 0 1 0 0 1 0 1 1 1 1 0 0 1 1 0 1 1 1 1 0 1 0 0 0 0 0 0 1 1 0 1 1 0 1 0 1 0 1 0 0 0 1 1 0 0 1 0 1 0 1 0 1 0 0 1 1 0 1 1 0 1 0 1 1 1 0 0 1 0 1 1 0 0 0 1 1 1 0 1 0 1 0 1 0
char 96 g n m n f e j n m d s o g l q a h m h j c e i j t b h i a k l j n c j n h c e p q t b b n a h r a l o a k k r m b d g n n g e j f q p k g t g t e e a r h k j k r j n n e h l l a t p c c s a q
bool 97 1 1 1 0 1 0 1 1 1 1 1 1 1 1 0 1 0 1 0 1 0 1 0 0 0 0 1 0 1 0 1 1 1 1 0 0 0 0 1 0 1 0 0 0 0 0 1 0 0 0 1 0 1 0 0 0 1 0 1 0 0 0 0 1 0 0 1 1 0 1 1 0 1 0 1 1 1 0 0 1 1 0 0 1 1 1 0 1 1 1 1 1 1 0 0 1 0
double 98 6.02 3.95 8.19 4.28 3.85 6.34 0.02 6.57 7.2 5.97 1.82 2.77 1.25 5.03 0.02 1.91 0.87 5.11 3.06 3.93 7.16 7.66 0.84 6.99 6.62 7.13 4.82 1.53 9.63 2.41 7.8 2.21 8.52 6.28 4.92 3.84 7.39 4.3 1.37 0.88 4.4 0.96 4.7 8.9 4.91 8.99 9.72 6.26 3.33 5.21 9.53 7.88 2.25 7.27 8.82 8.12 5.39 9.76 3.86 6.89 9.87 2.62 4.29 0.49 7.54 3.42 7.46 7.54 9.89 1.05 8.94 6.74 4.34 5.73 3.44 2.89 2.45 8.93 9.29 3.49 7.07 8.03 8.1 7.3 2.51 5.39 8.34 3.35 3.6 0.06 6.7 0.47 9.24 9.8 5.1 1.97 0.88 6.87
int 98 94 55 61 67 50 59 95 46 97 19 2 93 62 48 30 19 40 25 48 32 5 81 13 36 9 19 54 15 52 83 11 62 84 42 96 76 81 79 72 72 30 51 70 48 11 88 47 64 72 11 83 93 99 47 88 60 40 93 55 83 69 9 13 57 63 77 82 1 42 73 72 87 97 71 80 17 32 32 89 30 35 99 27 45 88 82 75 37 43 64 34 38 89 26 36 66 66 44
int 100 41 77 91 68 45 61 18 16 89 82 67 41 93 88 59 89 16 53 78 38 1 24 51 20 80 43 16 26 95 49 57 37 20 12 47 41 47 74 26 84 36 69 97 96 60 18 60 9 55 53 48 85 96 28 87 43 74 12 50 87 33 27 18 37 79 82 24 80 11 60 95 71 39 14 91 49 24 92 18 11 60 88 67 39 57 31 92 50 13 92 33 22 2 79 97 54 95 12 96 32
int 102 57 69 83 26 69 9 99 1 12 48 74 62 82 88 49 19 91 51 83 7 55 47 32 95 58 63 16 32 34 9 40 2 78 60 68 73 47 3 32 51 60 95 80 49 11 25 64 28 81 24 41 12 57 52 62 87 50 1 50 93 63 2 7 42 13 30 10 76 49 76 83 2 10 24 62 89 47 48 94 59 43 89 79 64 24 62 63 16 17 10 71 36 92 71 58 88 23 84 72 38 58 88
double 102 7.24 0.03 2.35 2.83 6.63 5.8 1.13 2.23 3.83 4.03 3.23 0.22 5.26 9.58 2.45 2 5.91 5.96 1.57 4.9 9.57 6.31 6.93 4.51 5.79 7.09 9.53 3.49 5.21 3.86 9.36 7.91 0.35 9.66 9.32 9.15 4.35 5.89 5.18 3.76 1.27 2.68 1.7 2.54 1.29 4.42 5.6 7.63 9.07 5.26 6.88 3 8.86 6.78 9.87 2.4 6.55 6.92 9.89 0.11 1.56 6.4 9.86 4.74 6.48 7.02 1.32 5.38 8.56 2.54 6.1 2.48 4.62 5.26 2.49 0.49 9.16 7.48 4.84 5.65 1.76 3.2 9.53 2.13 2.31 1.61 4.29 3.64 0.06 5.97 8.2 9.01 2.42 5.96 5.5 7.15 3.41 8.77 1.75 7.55 4.99 4.48
char 103 j d d d n e e c r j n m l r g d m d n l l m q q i p n m b c a h q d j t a b h d c m q e h s j j a p f m p q m m p o q f f g k k r o t p r p s n t s l n n c l o b b e t f o o r b r t o t r t p k k s n g c t
double 103 2.72 0.55 8.45 4.75 6.65 3.39 5.38 7.03 0.82 1.91 7.71 8.98 6.28 9.87 9.23 3.96 0.17 6.42 7.71 3.9 0.1 5.01 9.53 3.8 4.72 0.29 2.72 5.09 2.91 4 5.08 3.84 8.4 3.07 6.73 8.85 2.3 3.29 1.08 7.63 6.28 8.32 4.85 1.54 1.12 9.98 0.51 1.26 4.84 5.01 6.5 1.88 4.85 3.52 5.29 8.71 3.18 0.23 7.27 3.81 3.87 7.52 5.08 6.95 9.5 9.22 8.71 3.04 7.95 7.56 0.31 8.84 4.18 0.81 8 1.63 5.76 3.86 4.11 8.57 0.15 4.46 0.68 3.17 6.24 4.52 3.88 8.78 0.11 4.88 0.05 2.09 9.98 0.17 8.87 7.3 0.3 7.62 2.28 0.86 8.32 4.37 0.66
int 106 82 17 61 54 42 65 49 37 66 37 97 44 84 81 49 97 45 55 75 78 58 1 3 91 65 37 90 42 43 43 21 78 45 35 21 49 50 66 11 32 82 56 80 33 78 39 31 45 71 98 32 84 52 72 12 19 98 96 71 69 39 53 91 45 81 79 55 31 7 34 81 51 79 70 85 41 18 94 53 88 27 6 72 71 11 23 83 87 40 57 33 54 2 54 56 73 6 33 64 13 41 56 99 69 61 14
bool 107 0 1 1 1 0 0 1 0 0 1 0 0 0 1 0 0 0 1 1 0 0 0 1 0 0 0 1 0 1 1 1 0 0 0 0 1 0 0 0 1 1 1 1 1 1 1 0 0 1 0 1 1 0 0 1 0 0 0 0 1 0 1 0 1 1 0 0 1 0 1 0 0 1 1 0 0 1 1 1 1 0 0 1 0 1 1 0 1 1 0 0 0 1 1 1 0 1 1 0 0 1 0 1 0 0 1 0
bool 107 0 1 0 1 1 1 1 1 1 1 0 0 1 0 0 0 1 0 0 1 1 1 0 1 1 1 0 1 1 1 1 1 1 0 0 0 1 1 0 0 0 0 0 0 1 0 1 1 0 1 1 1 0 0 0 0 0 1 1 1 1 1 1 0 0 1 0 1 0 1 0 0 1 0 1 0 0 1 1 1 1 0 1 1 0 1 0 0 0 1 1 1 0 0 0 0 1 1 0 0 0 1 1 0 1 0 0
char 108 l c j b b r l j n e s s e b a p e t t i b k q j d t b t s j j k d g t g d i h d b s h o n r p p m k q s o p t m e d p b n i g a b q d l f g h l r t l j d g b m l h e h q h q q e n i q j c o r e a t g h l a k g d g a
