double 13 1 2.6 2.4 2.8 0.6 1.2 1.6 2.3 1.8 2.5 1.4 2.7 2.7
char 13 l l i l b f a a s n h k l
char 14 f b o g k d m m b o r r a j
int 15 59 66 74 53 55 69 76 56 55 70 64 68 49 63 68
bool 15 1 0 1 0 1 1 1 0 0 0 0 1 1 1 0
bool 16 0 0 0 0 1 0 0 1 1 0 1 0 1 1 0 1
bool 17 1 0 1 0 0 1 0 0 0 0 0 0 0 0 1 1 1
double 17 1.6 3.5 2 1.1 3.3 1.1 3.4 3.9 2.3 3.2 1.7 1.9 2.4 1.3 4 1.8 1.4
bool 18 1 0 0 1 0 0 1 1 0 1 0 1 0 0 0 0 1 0
bool 19 0 1 0 0 0 0 1 0 1 0 0 0 1 1 1 1 1 0 0
double 21 3 0.1 2.3 2.8 1.6 0.3 2.5 2.6 0.1 1.2 1.4 1.2 2.8 0.2 2.1 3 2.8 0.5 2.9 2.4 0.9
bool 23 0 1 0 1 0 1 0 1 1 1 1 1 1 0 1 0 1 1 1 1 1 1 0
bool 23 0 0 1 0 0 0 1 1 0 0 0 0 1 1 0 0 1 0 1 0 1 1 1
int 25 27 23 31 33 42 27 28 21 31 16 24 19 17 15 42 33 36 28 29 27 40 43 27 22 22
bool 25 1 1 0 1 0 0 1 1 1 1 1 1 0 1 0 1 1 0 1 0 1 0 1 1 1
int 27 54 31 47 51 34 36 39 37 37 39 33 51 46 30 46 39 37 29 51 31 48 41 30 44 48 54 40
int 28 40 28 50 45 34 32 26 41 25 50 28 41 48 47 30 44 30 51 48 42 34 27 45 29 47 41 44 31
double 29 5.6 5.9 4.4 4.6 4.9 4.2 4.3 3.3 4 3.8 3 5.9 5.5 3.7 5.9 4.3 4.3 4.3 4.2 3.4 3.3 4.3 3.5 4.1 4 3.9 4.3 4.8 3.7
int 31 38 45 32 43 50 32 56 34 56 44 34 37 43 32 56 33 48 50 56 56 53 50 47 37 58 35 34 38 50 53 57
double 33 2.6 4.4 1.9 2.9 2.9 3.5 2.2 4.5 2.9 1.9 3.8 4.2 2 2 4.6 3.9 3 4.2 3.4 4.2 3.2 3 2.2 4 3.9 2 2.9 2.6 4.8 4.3 3.4 3.6 4.5
bool 33 0 1 1 1 1 1 1 0 0 1 0 1 1 1 1 0 1 1 0 0 0 1 1 1 1 0 1 0 1 1 0 0 0
char 34 e s d b k r i l q o r n n m g o o g k m t j o l f j i g o c h s s m
int 34 52 42 46 49 34 45 31 28 36 48 40 29 41 39 49 38 51 46 47 44 41 31 51 39 47 35 51 49 43 37 37 43 41 44
int 34 32 55 45 40 31 26 53 40 54 26 27 49 44 50 44 48 37 31 45 42 39 38 44 28 32 47 42 26 35 41 28 27 55 49
bool 37 0 0 0 1 1 1 0 1 0 1 1 0 0 0 0 0 1 1 1 0 1 1 1 0 0 0 0 0 0 0 0 0 0 0 0 1 1
bool 38 0 1 0 0 0 0 1 0 0 1 1 0 1 0 0 1 0 1 0 1 1 1 0 1 0 1 0 0 0 0 1 0 0 0 1 1 1 0
bool 39 1 1 1 0 0 1 1 1 1 1 0 0 1 1 1 0 1 0 1 1 0 0 1 1 0 0 1 0 1 0 0 0 0 1 1 1 1 0 0
char 39 n e q g h e e o h t i p o g l a k i a n r l j d l b b t g l i h j e k m r o a
bool 40 1 0 0 0 1 0 1 1 0 0 0 1 1 1 1 1 1 1 1 1 1 1 1 0 0 1 1 1 1 0 0 0 0 1 1 1 1 1 0 0
char 40 f t k j s d b g t c q s o e j m j l f t f e f p o o j m f g n l b r o n b l f i
char 41 h m t n q r p t e n s q b q j e g s a a r l j m k f h e n l k l f k b p p d n t n
int 41 13 12 29 16 4 3 7 5 29 10 21 29 8 14 3 29 5 4 14 16 12 23 4 27 24 14 26 12 20 14 17 7 9 12 14 18 30 21 19 30 31
char 42 n r m g f p h n c k o p g q l m q f o c a i g o r t p c j b q e b q n j p t l d n a
int 43 44 45 24 47 28 48 42 26 49 33 37 34 35 36 46 33 24 31 25 49 49 49 43 47 24 31 23 39 28 35 22 38 44 37 45 44 36 23 34 22 25 34 33
int 44 48 63 53 63 63 68 52 49 70 54 55 72 69 59 68 54 71 70 50 62 48 60 73 54 48 66 63 59 75 57 54 60 49 65 51 48 65 59 55 65 70 68 53 56
bool 44 0 0 0 1 0 1 1 0 0 1 0 1 1 1 0 1 1 1 1 0 0 0 0 0 1 0 1 1 1 0 0 0 0 0 1 1 1 1 1 1 0 1 1 0
bool 46 1 1 1 1 1 0 1 0 1 1 0 1 1 0 1 1 1 0 0 0 0 0 1 0 0 0 1 0 0 1 1 0 1 1 1 1 0 0 0 0 1 0 0 0 0 1
bool 46 0 0 0 1 1 0 0 0 0 0 0 1 0 1 1 1 1 0 1 1 1 0 0 1 1 0 0 1 0 1 1 0 0 0 0 1 1 0 1 0 1 0 1 0 1 0
double 51 2.1 2.2 1.6 2 1.8 2.9 1.7 0.3 0.6 1.7 2.6 0.6 0.5 0.4 0.1 0.6 1.2 1.6 1.3 1.4 0.2 1.2 2.5 1.4 2.6 1.9 1.2 1.2 0.7 1.3 2 0.6 2.5 1.7 0.7 2.5 1.7 2.3 0.7 1.6 0.4 2.9 2.1 2.2 2.4 2.9 1.9 2.4 2.1 2.1 1.8
int 53 58 47 45 68 45 49 60 54 56 58 68 52 58 69 43 52 43 48 58 44 59 60 69 56 60 52 45 57 61 43 61 67 54 42 64 49 70 68 41 68 69 45 42 49 43 54 61 55 44 69 64 69 43
double 54 3.2 5.5 3.7 4.5 4.5 5.3 5.4 4.8 5.8 5.4 5.5 5.6 5.7 3.2 4.1 4.5 5.1 4.8 4.1 4 4.7 4.8 5.6 5.2 3.4 4.6 3.9 5 3.5 4.5 5.2 5.4 5 5.5 3.2 3.1 5.8 3.3 5.5 5.4 3.7 3.3 5.8 4.2 3.7 3.2 3.9 4.3 5.1 4.9 3.4 3.7 4.5 3.6
bool 57 0 0 0 0 0 0 1 0 1 1 0 0 0 0 0 0 0 1 1 1 1 1 0 1 1 1 0 1 0 1 0 0 1 0 1 1 1 1 0 0 1 0 0 1 0 1 0 0 1 0 1 0 0 1 0 1 0
int 58 1 19 17 24 23 25 30 5 21 28 3 7 25 19 6 2 8 11 4 3 23 10 1 5 12 28 6 23 28 21 30 16 21 18 12 20 8 19 17 2 26 3 11 8 1 20 11 16 30 15 26 30 19 9 1 4 15 23
int 58 25 10 14 2 7 12 3 29 25 21 9 18 16 5 27 27 19 11 12 16 21 23 24 0 19 12 20 20 6 16 22 2 5 15 11 3 22 27 22 23 21 13 21 5 20 0 21 16 28 28 8 4 19 5 0 6 15 15
char 58 d o r q a e s i a o s m g b q b n c j b e a p l o h f j r p r n o l k t f m i t d b j i b d a g e d p i g r c b r l
int 59 49 54 33 56 35 50 50 42 32 55 46 44 37 30 48 53 43 59 48 41 38 46 54 45 44 32 52 32 30 44 35 45 55 58 38 43 59 43 34 45 47 51 56 49 52 51 34 44 30 50 44 41 55 37 30 50 52 52 33
int 61 72 58 57 62 57 68 61 44 45 46 56 61 62 64 64 50 61 59 56 63 68 61 60 55 72 60 64 57 54 45 49 50 44 52 72 60 69 64 73 44 48 55 60 59 66 68 44 46 50 67 46 65 65 68 62 66 65 60 67 73 49
int 62 56 56 36 49 47 51 52 54 52 56 33 28 31 52 45 34 47 44 55 55 27 34 49 44 45 55 50 30 51 42 34 48 54 33 34 46 50 52 35 34 49 52 41 35 40 39 53 37 54 54 54 35 28 33 30 53 44 40 32 41 49 37
double 63 2.9 2.2 0.6 1.3 2.4 1.5 1.5 2.8 3.1 2.3 0.7 0.5 1.5 1.6 1.8 2.8 0.8 3.3 3.3 2.3 2 1.8 2.3 2.7 1.1 0.9 0.5 1.6 2.1 1.5 0.7 0.7 1.7 2.4 3.2 3.2 1.9 3.3 3.3 2.8 2.6 2.9 0.9 2.2 0.7 0.5 2.2 1.9 2.9 1.2 3.3 2.7 3.3 0.6 2.3 3.4 2.1 1.8 1.4 2.1 0.5 3.2 0.6
int 68 40 22 19 28 45 35 31 17 41 26 20 45 24 27 25 42 43 45 38 46 20 35 23 44 24 37 46 20 40 29 42 41 28 37 27 35 45 24 20 39 37 18 45 38 25 32 44 22 36 39 23 23 35 30 45 45 32 36 17 25 18 35 20 40 33 40 39 40
char 68 e h c b q a d t f s l d f r r a c h t c m i n f p i e m q t n l p f h p m c h k g o n c a t j b d j l t b d g l g b q q j i b f m e n n
bool 69 0 0 1 1 0 0 1 0 0 0 1 1 1 0 0 0 0 0 1 1 0 1 1 1 0 0 1 1 0 0 1 0 0 0 0 0 1 0 1 1 1 1 1 1 0 0 1 0 0 0 1 1 0 1 0 1 1 0 0 1 0 0 1 0 1 1 0 1 1
bool 69 0 0 0 0 0 0 0 1 1 0 1 1 0 1 0 1 0 0 1 0 1 1 1 1 1 0 0 1 1 1 1 1 0 0 0 0 1 0 0 0 0 1 1 0 1 1 0 1 1 1 0 0 1 0 1 0 0 0 0 0 1 0 0 0 1 0 0 0 1
bool 70 0 0 0 0 0 0 0 1 1 1 1 1 0 0 1 0 0 0 0 0 0 1 0 1 0 1 0 1 1 1 0 0 0 0 0 0 1 1 1 0 0 1 1 1 0 0 0 1 1 0 0 0 0 0 1 0 0 1 1 1 1 1 0 1 0 0 1 1 1 1
bool 71 0 0 0 0 1 0 1 1 0 0 1 0 1 1 1 0 1 0 0 0 1 0 1 0 1 0 1 0 0 0 0 1 0 1 0 1 0 1 1 1 1 1 0 0 0 1 1 1 0 0 1 0 0 1 0 0 1 0 1 1 1 0 0 0 0 0 0 0 1 0 1
double 71 3.9 4 4.9 5.3 5.6 3.7 5.3 4.4 3.6 5 4.9 3.1 4 3.3 3.7 5.5 5.2 5.1 5.5 3.7 3.4 3.2 4.6 4.7 5 4.8 4.5 2.9 5.6 4.8 5.7 4.6 4.3 3.2 3.3 3 3.5 3.3 4 3.9 4.9 3.2 4.9 5.3 2.9 5.5 5.6 3.4 4.1 3.2 4.4 5.3 4.6 5.7 3.9 4.3 2.8 3.3 4.5 3.7 4.2 5.5 5.3 3.2 4.5 4 3.2 3.6 5.2 2.8 2.9
bool 72 0 0 0 0 1 1 0 0 1 1 1 0 1 1 1 0 1 0 1 1 1 0 1 1 1 1 1 0 0 1 0 1 1 1 1 0 1 0 0 1 0 1 1 0 1 0 0 0 0 0 0 1 0 0 0 1 0 0 1 1 1 1 0 0 1 0 1 0 1 0 1 1
double 72 6.1 6.1 7.4 6.6 6.3 7.5 5.2 5.5 6 6.3 6.3 7.2 5.1 6.5 7.6 6.7 6.8 6.8 6.3 6.7 6 6 5.2 7 4.9 5.4 5.9 7.8 6.8 5.2 7.8 6.4 6.6 5.2 7.4 7 6.7 6 5.4 5.3 7.2 7.2 6.8 5.9 5.5 6.5 7.1 7 6.7 7.1 5.9 6.2 7 5.2 5.1 7.4 6 6.2 5.4 6 4.9 6.8 7.6 7.3 5.2 7 5.8 7.3 4.9 6.1 7.1 6.8
double 76 2.8 3.8 4.1 2.8 4.9 4.8 5 3 3 2.6 2.8 4.1 2.9 4.1 2.4 3.8 4.1 3.9 2.9 2.9 2.5 3.7 3.3 4.5 4.4 3.2 2.5 4.6 3 3 3.2 2.4 4.3 2.7 4.1 2.4 3 2.4 3.9 3.2 3 2.6 3.4 4.3 3 4.1 4.2 4.8 4.7 3.7 4.9 4.1 3.6 5 4.3 3.3 3.6 2.8 2.2 2.7 3 2.1 2.6 2.7 3.5 4.8 2.7 3 4 2.7 3.8 3.3 3.4 3.3 4.3 4.1
bool 77 0 1 1 0 1 1 0 0 0 0 1 1 0 1 1 1 1 1 0 0 0 1 1 1 1 0 0 0 0 1 1 0 0 0 1 1 0 1 1 1 1 0 1 0 1 0 1 1 1 1 1 1 1 0 1 0 0 0 1 1 1 0 1 1 1 1 0 0 0 0 0 1 0 1 1 1 1
double 78 2.8 2.4 4.3 3.5 3.6 4 3.7 5.1 2.6 3 2.3 3.8 3 4.3 4.2 2.3 2.2 2.4 4.1 2.8 2.4 2.9 3.9 5.1 3.3 3 3.3 3.1 3.5 3.6 4 4.6 3.4 5 5.1 3.4 4.2 4.4 4 3 4 2.9 2.4 2.5 3.9 3.7 3 4.6 3.5 3.8 5.1 3.3 3.1 4.3 3.2 2.7 3 2.7 4.9 2.8 4.3 3.9 4.9 2.2 4.2 4.8 4.2 4.9 5.1 3.6 3.4 3.2 4.1 3.6 2.9 4.9 4.2 5
int 79 33 48 55 42 49 47 58 33 47 33 40 32 33 51 43 47 54 45 58 39 33 31 45 34 51 57 35 38 51 59 44 42 51 50 49 48 41 51 46 39 36 57 32 38 38 39 39 46 51 40 58 52 44 52 31 53 36 32 34 45 34 51 39 42 39 56 58 52 59 49 54 42 47 39 58 48 33 32 49
bool 79 0 0 1 0 1 1 0 0 0 1 0 0 1 1 0 0 1 0 1 1 1 1 1 0 0 0 1 1 0 1 0 1 1 0 0 0 0 0 1 0 0 1 1 1 0 0 0 1 0 0 0 1 0 0 0 1 0 0 1 0 0 0 1 1 0 0 0 1 1 1 0 1 0 0 1 0 0 1 0
bool 79 0 0 0 0 1 1 0 0 0 0 0 1 1 1 0 0 1 0 1 0 0 0 0 0 1 1 0 1 0 1 1 0 1 0 1 0 1 1 0 1 0 1 1 1 0 1 1 0 1 1 1 1 0 0 1 1 1 1 0 1 0 0 1 0 1 0 1 1 1 1 1 1 0 1 1 0 1 1 0
int 79 34 36 32 35 49 47 36 32 33 49 53 30 29 51 45 46 31 27 47 53 37 34 52 37 53 49 35 51 36 37 47 26 44 29 45 44 30 33 45 45 51 39 30 28 50 32 37 50 31 44 36 30 42 44 37 33 29 43 45 33 39 33 35 33 52 37 30 39 31 33 40 50 54 54 46 30 47 26 47
double 82 2.7 4 3.6 2 2 2 1.9 3.3 1.8 4 3.9 2.5 1.1 2.3 3.5 3.9 1.1 1.3 3 3.9 1.8 1.7 1.7 3.8 1.8 1.8 1.4 3.7 2.4 2.9 2.8 3.1 1.4 2 3.6 3 2.9 3 3.6 1.6 2.7 1.1 3.4 1.3 3.5 2.7 3.3 3.7 2.2 2.9 2.5 1.6 3.2 4 3.1 1.4 1.6 3.9 3.2 1.8 2.8 4 2.8 1.9 1.4 4 2.5 1.1 3.7 3.5 3.6 1.4 1.3 4 3.6 2.4 3.7 2.7 2 1.2 1.1 2.3
bool 83 0 1 0 0 1 0 1 1 1 1 1 0 0 0 1 1 1 1 1 1 1 0 1 0 1 0 0 0 0 0 0 0 0 1 1 0 0 1 1 0 0 0 0 1 1 1 1 0 0 0 1 0 0 0 1 1 1 0 1 0 1 0 0 0 0 1 0 1 1 1 1 0 1 0 0 1 0 0 1 0 1 1 0
double 84 3.9 3.5 3 3.2 3.2 2.8 4.2 3.2 3.6 2.2 3.4 2.4 3.6 5 3.6 3.1 2.1 5 2.7 2.2 4.7 5 4.7 3.5 3.5 2.6 2.1 3.8 2.7 4.8 4.2 2.6 2.2 2.1 4.9 4.5 4.2 4.3 2.6 4.9 4.2 4.6 3.2 3.3 3.6 3.8 2.9 4.3 3.8 3.3 4.4 2.1 4.8 2.8 2.4 2.4 4.9 2.7 2.4 3.1 4.2 2.7 3.3 2.8 2.7 3.9 4.5 3.1 2.6 5 4 2.9 2.7 2.4 2.6 3.1 4.5 3.9 2.7 2.2 4.4 4.9 3.3 2.9
double 84 6 4.6 4.7 6.6 6.6 5 4.7 6 5.5 4.4 6.7 5.1 6.3 5.7 4.2 4.3 5.8 5.9 5.9 6.7 6.2 5.6 6.9 6.5 6 4.6 5.4 4.9 4.7 7.1 6.6 6.2 4.5 5.3 4.8 4.4 6.1 5.6 4.8 5.5 6.2 5.6 5.3 4.9 6.3 4.3 5.9 4.2 5.9 5.3 6.2 5.2 5.2 6 6.8 4.2 7.1 5 4.6 7.1 4.9 6.8 6.7 5.5 6.8 6.6 6.6 6.5 6.6 5.2 5.5 7 6.4 6 6.9 5.5 5.9 6.7 6 6.6 5.8 5.8 5.9 6.5
double 85 1.2 3.9 1.6 3.3 3.8 2.4 2.3 2.5 3.6 2.2 3.1 1.9 2 2.3 3.5 3.3 1.5 3.9 2.3 3.3 3 2.7 2.3 3.5 2.8 3.2 2.3 3.7 1.6 3.6 2.8 3.8 2.4 3.6 2.4 1.5 3.4 2 1.3 3.2 1.4 2.9 1.3 3.8 3.8 3.4 3.4 1.6 2.2 3.5 3.6 1.3 1.2 1.2 1.6 1.6 2.9 3.4 1.1 2.1 3.8 2.3 1.5 4 2.1 2.1 3 3 2.2 2.8 3.7 2.9 2.3 1.7 1.5 2.7 2.5 3 4 2.3 2.8 1.7 3 1.1 3.4
char 85 l l f k p g c q l n b j s n p o m j o p m h g s q f t h n h n t r e c g q d q r d l r k k e t g a p h d i b h m b j m l h k f i b d j o p c b a i o f e a g o r k o m p s
double 88 4.2 6.6 5.6 4.9 6.1 6.6 4.5 5.4 4.5 4.6 4.4 6.1 6.9 6.8 6.1 4.5 6.8 4.5 5.7 6.6 4.3 5.1 7 4.5 4.3 4.6 4.7 4.6 6.7 7.1 4.4 4.3 4.7 7 5.2 6.7 6.1 5.2 6.7 6.2 6 4.4 6.2 4.6 5.9 5.6 6.9 4.3 5.1 7 6.2 6.1 4.7 4.8 5.7 6.9 5.1 4.9 5.4 6.1 6.3 4.9 6.6 4.5 4.9 5.2 4.2 5.7 6 6.6 6.5 6.4 4.9 5.8 6.7 5.9 6.1 6.1 5.4 6.6 5.6 6.3 6.3 4.2 4.6 5.7 6 5.3
double 89 3.3 3 2.6 2.8 2 2.7 2.1 3.6 3 3.3 2.6 2.5 1.9 2.1 3.6 2.5 2.9 4 2.2 3.5 2.6 3.5 3.1 2.2 3.9 4.4 3.7 3.3 3.8 2.6 2.4 3.3 2.3 4.1 4.5 1.9 3.7 3.4 2.1 4.3 2.1 2 3.5 2 3.7 3.5 3 2 2.8 3.5 3.3 3.8 2 4.5 1.9 4.1 4.2 2.6 3.1 4.3 2.5 2 3.6 3.7 4.7 2.9 4.1 2.2 2.7 2.9 4.2 3.9 3 4.3 3.9 2.2 3.9 4.2 3.5 2.4 2.7 3.3 1.9 4.7 2.2 4 2.7 4.3 2
char 89 c m h g i p i e l k h t r a b d t k d j s r p t p g h j f t j l b i j j t t h q n i t n j o p i o c q a j d b g p s c c t n g h t g j t a p b j p s j t f a d p n j g n a h h d i
bool 89 1 1 1 0 0 0 1 0 1 0 0 1 1 0 0 0 0 0 0 0 0 1 1 0 0 0 1 1 1 0 0 0 1 1 1 0 0 0 0 1 0 1 0 0 0 1 0 1 1 0 0 0 1 1 0 0 0 1 0 1 1 1 1 0 0 1 0 0 0 1 1 0 0 1 1 1 1 1 0 1 1 1 1 1 1 1 1 1 1
double 90 3.8 2.4 5.1 4.9 4 4.5 4.6 3.4 2.5 4 4.9 2.8 3.8 4 2.2 3.5 3.7 3.7 4.3 2.3 2.6 2.8 4.2 3.3 4.4 4.4 5.1 3 3.9 3.4 4.5 2.3 2.4 2.8 2.4 4.9 2.4 4.9 2.9 3.9 4.7 4.3 2.2 3.8 4.1 2.6 2.5 3.5 2.8 4.1 3.7 4.2 4.6 4.6 2.6 3.8 4.3 4.1 2.7 4.4 3.5 4.9 4.7 3.6 3.2 2.2 3.6 2.5 3.1 4.6 4.6 3 3.8 2.3 2.5 3.8 4.2 3.2 4.6 4.2 4.1 2.9 4.9 2.7 2.6 3.4 3 3.5 2.4 2.7
bool 91 1 0 1 1 1 1 1 0 0 1 1 1 1 0 1 0 0 0 1 0 0 0 1 0 1 1 1 0 0 0 1 1 0 1 0 1 0 0 1 0 0 0 0 0 0 0 0 0 1 1 0 0 0 1 1 0 1 1 1 0 1 0 0 1 0 1 0 1 0 1 1 0 0 0 1 1 0 0 1 1 1 0 0 1 0 0 0 0 1 0 1
double 93 1.7 4.2 2.8 3.6 3.4 2.2 2.8 4.5 4.2 1.7 3.1 4.1 4.1 2 4.2 2.3 2.5 4.4 3.7 4.1 2.2 3.3 2 3.7 4.1 4.2 3.2 3.3 3.4 1.7 3.1 2 2.7 2.9 2.5 3.4 1.8 2.4 3.4 4.1 2 3.3 3.7 4.3 2.8 2.7 4.1 3.2 4.3 2.9 4.1 3.2 3.7 2.1 3.6 2.6 3.3 3.8 4.1 3.7 4.1 2.7 3.9 4.2 2.1 3.7 1.8 3.5 3.1 1.7 3.7 1.9 2.3 2.2 1.7 3 1.6 3.2 1.6 3.9 4.5 2.7 3.9 2.1 2.1 2.9 4 2.9 1.7 1.9 2.7 4.5 3.8
char 93 r c a a m c g f i c q m p a i s d c e d t k m s q n n i p c a m m b h h h s o e f s n e r e c b q r b p e i r b q q e i j f h a b f d e c j p o c s j s r r b t c k a q e i j t k d j m j
double 95 0.5 1.8 3 1.4 1.4 0.9 2.2 2.4 1.5 2.9 2.8 2.8 1.9 0.6 2.6 1.1 0.9 0.5 2.5 2.9 2.9 2.9 1.1 3 2.9 1.7 1.6 1.1 2.1 2.9 3 2.6 1 0.6 2.1 2.5 1.8 1.1 3.1 0.8 0.7 0.5 1.2 2.6 1.2 1.8 2 0.6 0.2 1.2 1.5 2.4 2.9 0.6 1.4 3 1 2.7 1.1 1.3 2.6 2.2 0.6 2.6 2 2.4 2.2 2.9 2 2.7 3 3 2.8 1.4 1 2.6 0.6 2.4 3 1.4 1.6 3.1 1.3 1.8 0.7 2.1 1.5 2.5 1 2 2.9 1.1 3 2.4 2.6
bool 95 1 1 1 0 1 0 1 1 0 1 0 1 0 0 1 1 1 1 0 1 0 0 0 1 0 0 0 1 1 0 1 1 0 0 0 1 1 1 1 1 1 0 1 0 0 0 1 0 1 1 0 0 0 0 1 0 1 1 0 0 0 1 1 0 0 0 1 1 0 0 0 1 0 0 0 1 0 0 1 1 1 1 0 1 0 1 1 0 1 0 0 1 1 0 1
int 95 62 40 41 38 53 63 50 43 36 46 61 48 45 58 62 41 54 62 47 49 51 59 37 53 52 48 47 51 46 61 40 49 38 60 40 38 62 51 35 36 48 47 57 54 60 48 35 37 41 46 34 39 35 36 38 57 57 62 44 58 60 42 48 62 52 42 53 36 55 45 38 45 53 61 52 50 43 51 42 47 38 46 57 35 40 45 57 37 39 37 60 59 59 40 42
double 97 6.5 5.3 5 4.2 4 5.4 6.9 6.6 5.3 6 4.8 6.8 6.4 6.7 5.3 4.1 4.5 4.3 5 6.5 4.1 4.8 4.7 4 5.9 4.1 6.8 5 6.3 5.3 5 6.2 4.5 5.3 6.1 4.2 5.9 6 5.7 5.9 6.3 5.4 4.7 4 6.2 6.5 6.5 6.3 5.9 6.8 4.1 4.8 6.3 5.7 6.5 6 4.1 6.9 5.3 5.6 4.2 4 4.1 5.1 4.8 6.3 5.2 6.9 6.9 4.5 5.1 4.1 4 5.6 6.8 4.5 6.2 5.2 5.5 6.8 6.3 4.8 6.6 5.6 5.5 6.8 4.1 5 6.8 4.2 5.2 5.7 4.8 5.9 6.4 4.8 4.5
int 98 48 52 61 49 49 63 49 62 52 54 48 47 63 65 60 66 46 62 60 72 67 54 50 69 65 63 43 46 48 70 68 54 69 49 45 65 58 51 57 70 43 60 43 53 56 58 66 71 45 66 55 46 61 58 59 47 52 62 69 53 48 62 54 45 64 49 49 71 57 54 53 49 69 53 51 65 61 70 64 53 43 45 51 60 70 46 57 49 60 51 54 68 56 58 47 71 49 65
char 100 i m h i t r f i d d p d g n j s f e j t e e b m b n h i a j f m s d j q p o e l o h m l j e f r o e i e d c h o j q h b m m n l t h s q o r i s r h k r q f n a k q d d f j e i e l n d s i k c a q b g
double 100 6 4.5 3.7 5.7 3.7 4.5 5 5.1 6.2 4.4 4.4 6.2 6.1 4.4 5.5 5.9 5.7 6.3 4.7 4 4.6 4.6 5.4 4.1 4.2 5.7 4.5 5.1 5.3 3.6 4.8 5.7 5.2 3.9 6.4 4.9 5.6 4.8 6.4 6.4 4.8 4.2 3.8 4.4 6.3 4.6 5 3.6 5.2 5.8 6.4 4.8 5.4 5 6.4 5.8 6 6.2 5.5 6.1 4.5 4.9 3.9 5.7 6.2 4.2 5.6 6.3 4.2 5 6.4 5.9 5.4 3.6 4.6 5.7 3.7 3.6 5.9 5.5 5.8 5.7 4.1 6.4 5.5 4.7 4.8 4.8 6 5.9 5.5 4.3 5.4 5.8 5.1 3.8 5.5 5.7 4.1 3.7
int 101 45 46 29 33 32 49 37 51 55 45 43 51 31 43 33 47 43 54 43 40 30 56 51 30 48 35 42 47 40 48 44 51 42 28 57 55 41 39 42 51 53 48 40 40 45 48 46 52 56 47 54 30 45 57 29 57 46 47 31 44 54 28 42 56 38 32 31 45 47 57 35 52 50 43 52 34 28 33 53 47 35 38 29 33 50 49 48 39 32 51 49 37 30 28 38 28 32 51 43 42 36
char 101 i p t q o c c o o q s b b m t p d h o s f d t c b q t d j d h d p l k t r p e q c d c q n f f p q r o p s b s h n l c r t n o q j h i e l b r n b r n k b l n l d r n a b r l a k l a h a e g k c p q d d
bool 101 0 1 0 0 0 1 0 0 1 0 0 1 0 1 0 0 1 1 1 0 1 0 0 1 0 1 1 0 1 1 0 0 1 1 0 0 0 1 0 1 0 0 0 1 1 1 1 1 1 1 1 0 1 0 0 1 1 0 0 1 0 0 0 0 0 0 0 0 0 0 1 0 0 1 0 1 1 1 0 0 0 0 1 1 0 1 1 1 1 0 0 1 0 1 0 1 0 1 0 1 0
double 102 0.5 1.7 3.1 3.2 2.5 1.1 2.9 0.8 0.9 2.6 2 1.7 1.2 1.7 2.2 2.7 2.7 2.4 1.3 1.1 1 1.6 3.3 0.9 3.3 2.6 3.4 1.2 2.7 3 0.9 0.9 2.5 3.2 2.1 1.1 3.4 2.2 1.7 1.6 2 0.8 1.8 2.5 2.2 3 2.5 1.7 1.5 2.5 1.1 3 2.4 2.9 2.1 3.2 2.8 1.4 2.2 1.1 2.7 1.6 2.2 1.2 3.4 3.4 1.6 2.1 2.1 2.1 1.9 1.1 1.6 0.8 0.5 2.2 0.5 3.3 2 2.4 2.6 3 1.1 3.2 2.6 0.6 3 1 2.1 0.5 2.6 2.8 2.3 1.3 2.9 3.1 2.3 0.9 1.1 0.9 0.6 2.2
int 102 49 57 56 40 36 42 55 35 51 63 37 64 43 64 37 60 63 54 60 62 59 63 51 53 53 58 61 46 41 37 38 61 41 60 47 55 62 63 57 56 43 45 44 43 42 58 45 60 38 47 60 47 41 38 54 57 42 62 55 37 56 35 57 38 47 48 45 61 49 55 40 35 36 36 38 58 57 50 54 38 60 59 53 50 41 40 40 55 39 45 62 47 39 54 60 49 41 43 48 60 35 51
int 103 63 58 78 49 64 61 74 51 50 52 76 70 60 70 74 49 73 50 61 76 69 62 55 67 65 63 49 71 54 67 62 64 54 51 58 57 55 74 78 49 53 57 63 64 63 58 66 75 59 53 63 66 49 68 75 68 64 72 58 78 56 77 51 52 73 53 61 70 69 55 62 52 59 77 54 68 66 71 57 59 63 55 72 49 67 53 77 60 76 49 77 71 78 49 72 54 74 50 60 62 67 69 70
bool 104 0 1 1 1 1 1 0 0 1 0 1 0 0 0 1 1 1 1 0 0 0 1 1 0 0 1 1 0 1 1 1 1 1 0 1 1 1 1 1 1 1 0 0 0 1 0 1 0 1 1 1 1 1 1 0 0 1 1 1 1 1 1 0 0 1 1 0 1 1 0 0 0 1 0 0 1 1 0 0 1 1 1 1 0 1 0 0 1 1 1 0 0 0 1 0 1 1 1 1 1 1 1 0 1
char 104 q i p s k p c o q o g m i s l c p e o e h g o m o b d f g b h b j t t a o n p m s d b q t l a n q t r t g r a d f k h k j o e e h l b o e i j s q c r g n p o s d h j j b t p q k p c o k l k p o e f k r d j j
double 105 4.5 3.7 1.8 4.5 1.7 2.4 3 3.7 2.2 2.8 4.1 4 3 3.9 2.7 4 2.3 3.7 4 4.4 1.8 3.1 4.2 2.5 2.5 3.9 2.3 2.8 2.2 3.2 2 2.9 3.8 3.5 3.4 1.9 3.8 2.3 3.8 1.8 2.8 2.6 3.6 4.4 2.8 4 4.3 2.4 2.7 3.9 2.7 2.2 1.7 4.6 4.3 3.7 3.9 2.8 3.3 1.7 3.1 1.9 2.9 4.4 3.6 3.9 2.5 1.9 4.1 2.1 4 3.8 3.9 2.4 3.1 2.8 1.8 3.5 4.2 3.3 4.1 4.2 3.7 1.8 3.2 2.8 4.6 1.8 4.5 4.6 3.7 3.1 4.5 4.6 4.5 4.5 2.5 3.2 2.6 1.7 4.4 2.5 2.9 1.9 2.3
char 106 c c j k p i e p j p o g r h a f p t n h a a d p n a h o s e i g q c i n s s m b a p s j j l l t d r l p t r q r c h f a d i c a c o l r e b o a d p g k n h p a n r q i c l o k h o m i t d l j q d o a r l s d q n
char 106 p q j o h r l r o b q b m a k r q g b a h m b o b s f i m f i r f e t q c e s i f c f p f j n b l p m l n q l k q r t a q l p p c j r p e o i a m i e o d b s b e g k d f t l l m o n c o j s k o a j i o q i o g r
int 107 28 29 45 26 45 38 18 39 29 46 41 32 33 18 37 45 44 25 35 42 18 42 37 26 32 20 47 31 33 46 20 32 23 22 21 31 46 27 34 42 38 47 27 22 27 35 34 21 45 19 29 26 28 18 28 35 36 26 35 18 43 36 39 37 19 45 36 30 40 40 36 18 28 39 27 39 47 47 20 32 22 44 39 45 18 35 27 20 21 30 36 23 46 47 31 24 46 22 18 35 23 43 41 46 36 35 43
double 107 2.6 0.4 1.2 2.1 2.6 1.1 1.6 2.3 0.5 2.4 0.7 3 0.2 1.1 3 1.4 2.7 2.2 1.7 0.4 2.3 1.5 0.3 1.4 0.8 0.5 2.5 1.6 2.8 1.3 0.4 2.3 2.2 1.5 1.3 3.1 2.7 1.2 2.5 2.4 1.2 1 1.7 0.5 3 1 1.5 2.2 0.8 0.7 2.4 1.2 1.9 3.1 2.1 3.1 2.5 1 3.1 0.9 3 2.5 2.4 0.5 2 1 0.9 2 2.8 0.5 1.6 1.2 1.2 0.6 2.1 1.4 0.2 2.3 0.4 0.4 1.4 2.3 1.9 1.6 1.7 3.1 2.9 3.1 2 2.5 2.8 2 1.6 2.3 0.6 0.3 1.3 3 3 1 0.7 1.1 2.5 2.1 1.8 1.9 0.3
char 109 m a j j i p p l c a n f r o g o d b q h a c p i j n a t k p l b h s e s f g p m e l q q c e p j c m d r f l c t l b n f e a q t g l l d o m n t i n o g p e h i m m j j h m p s n n s g e g g c t o d t c l p s o d h f d