double 98 82 2.8 0.0 8.0 1.8 5.8 5.0 5.5 6.1 6.4 0.3 7.6 4.3 0.9 0.2 6.1 8.9 4.8 8.2 5.3 7.4 2.0 0.2 2.3 3.1 6.9 7.8 5.9 0.8 1.9 7.1 0.3 4.5 8.1 0.4 9.2 8.5 1.3 9.8 8.9 2.2 3.8 3.7 1.0 6.1 3.4 0.8 6.1 5.9 9.3 1.5 6.9 3.7 6.9 5.8 0.0 7.1 6.4 1.7 1.5 5.5 1.5 3.0 3.9 1.2 8.8 8.2 5.4 8.5 1.0 8.4 7.4 8.0 1.5 5.1 4.1 1.5 7.9 1.0 9.8 7.3 8.8 7.7
int 93 58 40 66 35 10 99 37 92 82 28 52 69 44 94 8 52 47 32 35 8 64 97 43 49 15 41 89 0 12 48 23 51 74 33 91 0 54 90 97 19 80 78 31 44 40 87 99 25 83 38 92 93 52 11 60 34 40 97 85
int 88 81 92 10 49 78 79 71 77 73 93 20 97 26 76 90 82 78 59 18 89 59 49 24 72 80 8 67 8 77 3 70 7 96 74 22 11 19 61 56 90 63 83 16 32 52 41 54 13 62 96 60 15 4 99 36 80 98 32 87 84 40 17 6 70 41 82 49 23 58 5 21 95 96 16 78 78 79 58 77 50 7 29
double 69 7 6.8 1.5 9.6 2.5 0.9 1.2 3.6
double 78 63 9.5 6.0 0.1 9.3 3.2 3.6 8.0 7.5 0.7 8.4 7.4 1.9 9.0 7.6 4.1 5.1 2.9 9.0 7.4 7.2 9.1 8.9 8.7 9.0 3.9 9.3 5.3 6.3 8.1 0.3 0.5 7.6 7.9 9.5 3.9 6.8 9.8 8.3 3.9 1.5 2.1 9.3 2.6 2.2 3.8 2.8 8.1 9.9 7.8 9.1 2.3 4.3 3.4 4.3 4.9 0.2 0.7 0.2 4.1 8.7 4.6 9.1 3.7
bool 52 93 0 0 0 1 1 1 1 1 1 0 1 1 0 1 1 1 0 1 0 1 0 0 0 1 0 1 1 0 1 1 0 1 1 0 1 1 0 1 0 1 0 1 1 1 1 0 1 0 0 0 1 1 1 1 0 1 0 1 0 1 1 0 0 1 0 1 0 0 1 0 1 0 0 0 0 1 1 0 1 0 0 1 0 0 0 1 1 1 1 1 0 1 0
bool 3 58 0 1 0 1 1 0 0 1 1 0 1 1 1 1 0 0 0 0 1 1 1 0 0 0 0 0 0 1 0 1 0 0 1 0 1 1 0 0 0 0 0 1 0 0 0 1 0 0 0 0 0 1 1 0 0 1 0 0
int 93 5 41 48 4 34 68
bool 52 4 1 1 0 1
char 50 10 l n i s s a m q a z
char 90 78 o c i k q j t x g v e n k s p p w w p l h x t g y b v m a j e y f a x e g s e i j i k c m d u c l a a i o i s s i s i y p p n z d u b p t s a v e s z s i p
int 16 39 70 89 29 60 21 97 89 63 44 21 5 15 13 34 99 37 15 64 58 11 83 46 43 37 31 55 51 51 90 52 95 20 61 60 67 73 34 33 91
char 96 10 z h e z o h m i u r
char 32 7 z s q o r q m
int 73 16 75 46 39 48 65 62 68 19 69 82 13 87 40 66 33 90
char 63 67 p m u s c r l d u r e n n l q k w h h y i p q z e v b y k t b v t p w v t t g e c a j y l q v u i z f s o a y x z i l j z e g b l c a
char 36 75 e s q x d v r j g f v g y m h l w d x l o z m c q m v h t c e x a m e y k v i x d a q v s s d w w o e d k l q e n a f b c f n h w r h d k j c s x o h
char 67 40 g o e w v r x b w y s z b l q g p w j p l t j f r q c o c q x y l u t t l w h t
bool 85 11 0 0 0 1 0 1 1 1 1 0 0
int 87 46 44 66 70 3 55 37 22 87 77 9 63 73 31 72 86 91 58 92 63 62 83 15 48 35 97 25 7 84 44 22 73 94 73 4 59 29 93 47 61 28 59 15 16 15 66 62
double 81 71 3.7 5.7 5.2 4.5 9.5 7.3 7.5 2.2 9.4 8.2 3.3 6.0 5.0 8.5 4.4 8.3 0.6 1.1 0.7 0.6 8.2 9.2 0.8 9.4 8.1 5.9 5.3 8.0 1.8 1.3 7.1 9.4 4.3 6.4 7.9 9.4 9.8 9.4 4.4 1.1 2.3 3.4 3.9 0.4 7.5 4.0 3.4 3.2 1.2 3.1 9.8 8.1 6.9 6.8 8.2 1.9 7.9 7.3 6.9 9.8 6.7 8.1 3.9 9.1 1.4 8.2 3.3 0.0 9.5 9.9 9.3
int 47 50 77 56 83 27 56 67 79 98 57 69 45 48 65 67 21 81 41 4 93 32 85 87 93 88 81 1 91 67 6 68 92 50 62 96 98 22 34 29 71 7 64 66 90 39 18 65 21 69 89 58
int 1 60 75 3 88 49 55 43 50 37 97 32 43 84 85 61 28 35 56 4 10 80 4 54 22 78 47 3 99 27 35 76 93 75 62 34 86 14 99 14 21 65 5 56 56 5 38 0 94 25 2 8 34 33 53 42 59 95 26 8 80 80
int 59 11 75 6 72 35 7 54 55 52 54 11 59
bool 95 63 1 1 0 1 1 1 1 1 1 1 1 1 0 1 1 1 0 0 1 1 1 0 1 1 1 1 0 0 1 1 0 0 1 0 1 1 1 1 1 1 1 1 0 0 0 1 0 1 1 0 0 0 0 0 0 1 0 1 0 1 0 1 1
bool 80 9 1 1 0 1 1 1 0 0 1
bool 40 8 0 1 0 1 1 1 0 1
double 75 64 4.0 4.7 3.5 4.5 9.5 2.2 4.8 0.3 9.6 0.1 0.3 6.7 9.7 3.8 1.6 5.3 9.3 0.0 9.5 5.0 3.2 7.5 6.7 3.5 4.9 2.0 6.5 1.4 1.7 7.3 4.3 5.9 2.7 5.4 3.6 5.8 9.8 7.3 4.1 2.3 2.7 9.5 0.9 8.6 7.1 2.3 6.9 6.4 5.5 3.4 9.5 5.3 7.4 2.0 1.1 7.9 0.3 1.0 1.8 5.1 2.4 7.6 3.9 7.1
int 65 37 63 94 19 42 24 56 22 30 54 77 79 56 21 45 87 23 95 33 80 18 13 70 36 73 36 50 17 25 12 76 8 27 11 91 35 48 81
double 68 50 7.8 2.3 6.1 6.0 3.1 8.6 7.4 9.2 2.6 7.7 0.1 8.5 5.1 8.3 7.8 1.8 2.5 4.2 4.9 7.4 5.2 1.6 3.4 4.6 6.2 5.5 9.1 7.0 0.7 9.0 6.4 2.9 7.8 9.1 1.6 8.8 3.5 3.0 9.1 6.7 3.0 0.1 8.6 3.3 7.3 4.6 1.5 8.1 8.9 0.6
double 96 15 6.6 9.6 8.7 8.0 5.5 4.3 9.9 4.3 1.5 7.9 1.3 1.2 6.8 1.7 1.8
bool 13 9 0 0 0 0 0 1 0 1 0
double 86 34 5.4 9.3 8.7 7.1 3.3 4.1 7.6 7.2 4.8 7.5 1.2 9.7 9.3 9.6 7.8 4.8 6.2 4.5 6.7 2.6 2.5 0.0 6.5 7.9 4.1 7.0 2.4 7.7 2.6 5.8 4.5 6.4 6.8 4.2
bool 53 23 0 0 1 0 1 1 0 1 1 1 1 1 0 1 0 0 1 0 0 1 1 0 0
int 72 25 61 92 69 74 13 44 51 3 39 56 39 61 28 10 35 19 53 13 98 3 41 99 11 77 24
char 74 42 s t b w d f w t b b a u l f f d b n c u m a j c v p x v p o c b v s u y e g o m j w
double 2 92 4.7 5.1 9.3 3.4 6.1 2.1 6.9 8.6 7.9 2.1 5.2 2.8 6.8 8.9 6.3 6.6 8.4 4.7 8.7 5.6 4.4 5.5 8.9 0.1 9.2 6.8 5.3 4.9 4.1 3.3 2.9 6.1 9.2 4.5 2.7 7.9 5.7 8.1 3.6 0.2 7.4 5.0 9.0 8.4 3.4 5.8 4.8 0.6 5.3 7.4 9.2 0.7 1.9 7.4 8.6 1.7 8.9 7.2 6.3 7.7 4.7 0.1 6.1 2.9 0.3 9.2 2.5 9.9 8.9 6.4 8.8 9.5 6.7 2.2 7.0 7.3 0.2 6.3 9.2 6.1 6.6 0.8 3.4 9.9 3.4 5.4 7.6 7.0 8.8 4.6 5.6 5.4
bool 40 95 1 0 0 0 0 1 1 0 1 1 0 1 1 1 1 0 1 0 1 1 0 1 0 0 0 0 0 1 0 1 1 0 0 1 0 0 1 1 1 0 1 0 1 1 0 1 1 0 1 1 1 1 1 0 1 1 0 0 0 0 0 0 1 0 0 0 0 1 0 0 0 0 1 0 1 0 1 1 0 1 0 1 1 1 0 1 0 0 0 0 1 1 0 1 1
int 1 54 14 35 60 99 26 26 47 73 81 65 76 5 23 77 40 85 33 93 89 66 94 37 65 55 74 79 29 16 41 24 31 76 13 76 11 67 76 37 53 42 32 33 59 27 48 10 88 29 12 73 94 84 59 74
int 35 67 25 90 98 1 31 5 69 23 76 25 26 91 28 27 55 12 90 64 72 59 75 18 76 89 94 27 48 91 92 87 46 93 17 40 44 71 18 88 45 38 13 92 11 18 94 98 77 74 71 60 15 9 70 22 16 64 26 83 79 40 83 73 17 1 26 87 62
double 31 75 0.1 4.7 7.7 4.7 6.5 7.6 3.8 3.6 7.3 2.3 4.5 6.6 0.7 0.3 1.1 0.6 8.5 7.1 4.6 6.6 7.5 3.0 3.0 1.4 2.8 2.8 1.1 0.7 3.0 8.7 3.0 7.7 5.2 1.7 2.9 2.0 8.9 0.9 7.7 4.6 8.3 1.1 5.0 6.6 9.7 7.0 1.0 1.2 2.4 8.0 3.0 0.7 6.4 1.2 2.1 3.1 2.3 0.0 1.7 6.1 9.8 4.8 9.9 8.4 4.6 7.1 3.0 8.9 6.5 1.0 8.7 8.5 7.7 8.5 7.1
double 55 43 0.9 5.9 9.4 8.2 6.8 6.1 8.7 5.6 0.4 3.3 9.5 0.2 5.4 1.7 0.5 2.4 4.3 5.8 8.7 6.7 9.2 6.0 1.3 7.6 6.7 0.1 3.5 0.4 1.2 4.0 9.7 5.6 0.9 8.7 1.5 7.9 8.6 0.4 6.2 0.3 7.1 6.8 0.0
char 76 13 f i t z u y h g f t r m o
double 73 50 1.9 9.8 1.7 2.1 4.5 2.8 5.1 1.6 8.1 1.7 2.5 3.1 6.1 3.1 5.3 2.0 2.4 8.8 6.9 6.2 3.4 5.7 8.0 8.7 7.9 2.7 4.9 8.8 8.9 2.7 4.8 7.2 2.4 4.2 5.6 2.3 2.6 9.6 3.3 7.4 5.1 6.6 3.8 8.9 1.1 2.5 4.6 1.5 5.3 1.8
double 85 24 7.1 9.2 3.3 1.4 3.0 6.3 3.2 0.3 9.6 9.3 8.2 7.7 8.1 2.0 8.1 7.7 7.2 3.8 1.7 1.5 3.7 8.6 0.6 0.6
bool 57 97 0 0 0 1 0 0 1 0 0 1 1 1 0 1 0 1 0 1 1 1 1 1 0 1 0 0 1 0 0 0 1 1 1 0 0 1 1 1 0 1 1 0 1 1 0 1 0 1 1 0 1 0 0 1 1 1 0 0 1 0 1 1 0 1 0 1 0 1 1 1 0 0 1 1 0 0 0 1 1 1 1 1 0 1 0 1 0 1 0 0 1 1 0 1 1 1 1
char 18 41 v l h u s u z d y y t o m l s l d y h e q c t u y r e i a l u g d a c g k l b r w
int 81 82 5 23 75 49 82 60 94 39 65 93 57 68 34 29 96 11 85 22 33 70 1 52 71 89 66 48 57 33 33 9 93 45 5 70 3 0 39 29 20 4 17 34 99 19 92 94 73 96 85 49 79 36 77 54 6 17 32 31 50 62 66 21 7 13 94 16 60 94 88 42 73 20 22 60 56 5 26 14 54 17 14 72
double 68 4 8.5 4.7 2.9 4.4
char 16 89 q e e o a r r o n n e z v u u d m n l t m s g d b f m j h z m a u x n f n d x d u o m f i o a r x n r v r u b f u p m r j i a q n p y c j u o e j o b u o s j q b r y n j m b a s
bool 7 3 0 0 1
char 15 28 h v n k f i v v x x a b l m n b l w d o o u g m c c o c
bool 33 39 0 1 0 1 1 0 1 1 0 0 0 1 1 0 1 0 1 1 1 1 1 1 1 1 0 0 1 1 0 0 0 1 1 0 1 0 0 0 0
int 64 51 66 93 3 98 85 9 15 19 89 54 61 49 75 30 97 9 32 48 11 69 91 19 4 51 30 88 68 10 6 0 25 25 96 34 52 77 13 10 91 58 81 13 63 33 12 75 7 1 12 83 20
bool 72 76 1 1 0 1 1 0 0 0 0 1 0 0 0 1 0 0 0 1 0 0 0 0 1 1 0 1 1 0 1 1 0 1 1 1 1 1 0 1 0 1 0 1 0 0 1 1 0 0 1 0 1 1 0 0 0 0 1 0 1 1 0 1 1 0 0 1 0 1 1 0 1 0 1 0 1 0
char 72 35 w w d z h y v a m h d r p i t g m s a s d e s i u i e k d n p d z r b
bool 14 6 1 1 0 1 0 1
bool 60 21 0 1 0 1 0 0 1 0 1 0 1 1 1 0 0 0 0 0 1 1 1
char 7 14 m s j p o u s s y u a r t t
char 74 81 y v n s a s d s k e e a u n b w a k u u v d f e l j p e l l j y t k n o w k l s q e x a w c o f g x i t z h n f y l b i o e v c r g c f f o k f x b w p m e x l r
bool 73 7 0 1 0 0 1 0 1
double 85 21 0.0 4.1 4.6 9.8 9.8 0.3 0.2 3.8 7.9 7.8 5.1 1.9 7.6 2.6 6.9 4.6 2.5 9.4 0.1 6.6 1.8
int 86 24 94 21 73 62 40 19 99 15 32 96 81 15 52 0 30 38 88 46 4 73 18 97 60 76
int 24 1 17
double 57 38 3.1 0.1 9.3 1.2 3.8 7.8 4.2 2.0 6.8 8.2 5.7 6.5 3.6 5.3 4.6 7.5 4.6 5.4 5.2 0.3 3.3 0.1 7.9 7.2 8.4 2.6 4.2 9.0 9.2 7.0 6.1 6.4 1.7 4.9 6.9 4.0 8.1 1.5
char 64 11 i x c e u w u s k c u
int 45 36 1 19 5 69 6 19 32 51 13 71 32 38 35 55 86 7 36 87 84 15 25 42 58 30 33 91 18 24 71 73 15 27 38 76 21 69
int 81 86 79 15 34 5 74 44 74 18 94 90 33 32 4 0 52 84 54 15 99 20 44 37 52 56 27 1 88 19 93 56 93 99 56 80 17 83 29 30 39 16 64 9 12 82 9 1 45 97 77 42 84 79 59 65 98 99 8 55 74 87 21 24 55 58 79 30 87 81 43 71 52 83 99 88 28 79 16 87 23 37 6 90 87 7 53 97
int 25 30 53 78 85 18 15 57 32 14 3 48 99 39 45 44 21 47 43 49 28 38 39 4 33 44 42 38 11 7 1 43
bool 74 63 1 1 0 0 1 1 0 1 1 1 0 0 0 0 1 1 1 0 0 0 1 1 1 0 0 0 1 1 0 0 0 1 0 1 1 0 0 1 0 1 0 1 0 0 1 0 0 1 0 1 1 1 1 0 0 0 0 1 1 0 1 0 1
double 85 51 2.4 1.1 4.2 6.9 0.1 6.7 6.7 8.5 5.1 6.9 8.7 0.8 0.9 0.5 0.9 1.7 6.5 1.5 9.3 0.0 1.0 7.9 1.1 3.7 7.1 8.5 0.1 1.4 8.9 0.1 3.8 9.8 0.7 0.1 6.4 7.5 1.2 4.6 6.7 4.3 3.4 6.9 5.2 6.7 7.8 1.4 5.7 4.4 6.9 3.4 9.7
char 42 33 r i s g s r h m a w d s x c q n k e p f j j c r g e x p z x f z d
int 42 17 99 92 92 58 24 44 39 63 7 58 29 7 55 62 84 29 36
int 38 83 52 79 64 96 6 33 53 57 3 12 98 71 91 67 73 22 22 66 14 13 50 62 69 38 71 2 40 7 84 5 13 34 16 50 39 51 77 12 52 99 91 52 34 7 48 39 20 89 71 0 16 46 19 13 14 81 93 49 27 91 20 82 19 27 23 44 68 52 17 66 17 13 37 83 34 24 76 92 32 30 7 16 71
char 68 32 h w k e m c x z a l k h u h n v a c j f y n z v y u o o l k q c
bool 66 94 0 0 1 1 0 1 1 1 1 0 0 0 1 0 1 1 0 1 1 0 1 0 0 0 0 1 1 1 1 1 0 0 0 1 1 0 1 0 0 0 1 0 1 0 1 1 0 1 0 0 0 1 0 1 1 0 1 0 1 0 0 1 0 0 1 0 0 0 1 0 1 1 0 0 0 1 0 1 1 0 0 0 1 1 0 0 0 1 1 1 0 0 1 0
int 53 9 98 18 98 72 53 37 8 10 69
double 33 1 6.6
char 9 31 c a l n e h a k d n j t r z q a f c u q l p m v f y o r t b y
int 63 96 36 92 38 90 65 71 67 77 66 31 45 45 27 64 72 83 26 83 7 68 19 53 26 0 27 7 92 31 59 36 84 36 53 81 52 53 67 65 78 18 55 69 10 97 42 25 89 38 55 87 21 8 58 91 97 68 2 41 10 61 72 75 49 59 57 46 31 56 41 54 67 87 85 84 31 99 26 20 38 8 95 59 32 84 30 43 82 25 21 36 83 65 26 25 99 10
double 43 32 9.5 4.0 4.9 5.8 9.8 9.2 5.1 2.3 2.6 9.0 9.6 1.4 4.1 6.5 3.7 2.2 9.0 9.2 3.2 4.9 1.5 5.1 0.0 4.7 9.8 6.0 3.3 0.2 2.1 6.9 3.7 1.8
char 82 54 n n c b f e r o c t f i n w b a m l z s m l c h p n p d a o a x v u v v r j j f t r x p v d f h m n i u d u
bool 87 54 0 0 0 0 1 1 0 0 0 0 0 1 1 1 0 1 1 1 0 0 1 1 1 0 0 1 1 0 1 0 1 0 0 1 1 0 1 0 0 0 0 0 0 0 1 0 1 1 1 0 1 1 1 0
int 2 77 33 94 46 87 51 40 81 96 44 45 73 92 33 73 30 95 42 42 84 11 97 76 97 84 45 56 42 49 81 5 71 90 91 94 31 18 7 11 55 51 84 58 49 4 96 89 76 94 79 85 16 34 68 92 88 61 97 64 24 49 44 75 39 16 18 6 26 22 71 58 29 47 66 15 26 49 54
char 46 80 w y l x d x y l n u s b b w g y l q b f c s k u z a p j q v a a d k f n r q j c d k z y l x s h h a w l k b g t g i e f l q c b u w d c n z g f m h y h h h k z
double 69 45 5.8 4.0 9.6 1.9 5.5 1.6 7.4 1.9 9.5 7.2 5.3 7.0 4.9 8.3 5.2 3.8 8.8 8.9 6.5 7.8 2.0 6.2 2.8 8.8 8.4 5.8 4.9 1.6 5.2 3.8 9.3 2.3 4.9 0.2 4.8 8.3 1.2 8.4 3.8 1.7 9.5 4.8 5.6 1.4 1.8
char 27 45 n r j w i y v t l o v f l f w o a n r r b r j r n g c p e q j y k p n q m c j o z l p v d
double 15 76 9.1 7.7 9.3 5.4 9.4 3.6 6.4 9.1 5.5 3.3 8.5 1.6 7.5 0.4 1.9 0.5 0.9 2.9 8.3 8.7 5.3 4.9 5.2 0.0 6.4 5.4 5.6 6.9 4.9 9.8 3.4 1.4 3.7 4.3 6.9 0.9 3.0 5.7 4.4 8.1 0.9 8.3 1.4 7.1 2.5 1.9 5.1 2.5 2.4 2.9 6.8 2.3 6.0 7.7 5.6 8.0 6.4 2.0 1.5 7.5 2.0 6.8 2.7 3.3 7.8 9.5 0.1 1.7 5.5 3.9 3.3 7.3 0.5 0.6 7.7 5.0
int 86 27 88 44 63 88 6 22 37 70 49 49 87 88 91 37 29 47 33 2 92 10 49 21 98 72 49 80 1
double 72 64 9.1 9.7 7.2 9.4 3.6 7.5 4.7 1.2 0.5 1.8 6.8 8.3 8.7 0.1 8.6 9.1 9.9 4.7 0.3 2.7 7.5 4.4 9.7 6.1 6.4 5.6 6.9 4.3 0.4 5.8 9.9 0.4 9.6 4.6 1.8 0.9 2.1 5.0 2.1 7.2 6.0 2.9 5.4 3.5 1.4 4.5 1.8 6.5 3.3 4.6 6.5 1.8 6.9 5.9 5.9 7.1 3.3 0.9 3.9 6.7 9.4 4.6 3.6 0.0
char 83 43 o r y b y d f t h z t n i x a u k k d k i i i w t k b t c d d v n t y i q n g l a g v
int 78 24 91 1 44 69 94 43 29 23 65 95 83 71 22 77 81 9 51 70 21 34 40 44 16 70
char 40 71 k y r b g j l u u y x f u a t z f l y f k p r y u j a l i t s w c w k x d o i e r i u e c f p n c c m y f g j g s o w r f t j q a r u u n x y
double 38 91 3.2 9.0 2.3 7.3 8.5 0.4 0.3 4.3 3.1 0.2 5.3 4.8 6.7 3.7 6.7 1.6 4.7 5.0 0.0 3.1 0.0 3.4 7.8 0.2 9.0 0.4 6.8 6.7 3.0 9.0 6.9 7.0 1.6 9.5 7.7 0.9 2.1 0.3 9.9 7.4 8.6 8.7 2.6 7.1 7.0 7.0 7.9 3.0 0.4 9.6 4.6 2.1 1.7 5.5 6.5 3.2 3.3 1.1 6.3 6.5 1.5 4.2 0.2 2.5 5.4 6.8 9.8 6.0 6.8 9.5 0.6 3.7 1.0 7.0 9.2 1.5 3.0 3.1 7.3 8.6 2.8 5.1 6.8 7.9 8.9 8.1 2.0 0.1 4.7 1.7 7.4
double 43 75 1.7 9.8 0.9 4.6 7.0 5.5 2.1 2.6 8.7 6.2 3.2 6.7 9.6 9.2 7.5 8.6 7.6 4.3 0.1 2.5 4.7 7.3 6.8 0.3 9.5 4.7 7.7 3.5 8.5 6.9 5.3 7.2 8.3 0.9 3.1 1.3 1.9 3.4 1.5 7.4 3.4 7.5 0.0 6.3 3.3 9.6 1.5 9.6 0.8 1.2 1.6 4.5 4.2 4.8 6.4 5.4 1.3 5.1 2.3 7.3 4.2 7.8 7.1 4.2 0.6 2.2 5.3 9.2 9.0 1.2 1.2 1.8 0.4 8.8 1.1
bool 62 57 1 1 1 0 0 1 0 0 0 0 0 1 1 1 1 0 0 1 0 1 0 1 1 0 0 0 1 0 1 0 1 1 1 1 0 1 0 0 0 0 1 0 0 1 1 1 0 1 1 1 1 0 1 1 0 0 0
char 10 55 m c b j z j v d f n w y g c r b y z c u i n s o r e t z a l y d e l n e d s k n h p b t x r t m w h k c z z y
int 76 2 92 66
char 53 62 j c k o p m t j q b i c k m a a m e i z j i q r m v z a d v l h n x y d i r c n w l m c y t s d r w f b t c i z c i b p n y
double 75 62 3.6 2.3 2.6 8.4 9.0 1.8 0.3 0.3 8.7 3.4 0.5 6.5 5.5 9.1 5.1 6.9 6.0 4.3 5.2 9.8 4.7 8.7 6.1 6.0 4.1 8.1 4.1 5.9 3.3 5.0 4.8 3.7 0.3 8.6 4.5 7.8 9.0 9.6 7.8 4.3 4.1 1.2 5.7 9.6 2.3 3.1 7.6 2.9 7.7 3.4 0.0 5.0 4.0 5.7 1.1 2.1 9.6 8.1 0.7 2.4 1.0 4.7