double 10 (4.3 1.17 5.39) (2.77 3.72 0.91) (5.08 7.48 2.73) (1.68 5.79 2.07) (0.56 4.51 1.66) (4.54 2.85 7.86) (8.97 9.34 8.32) (3.75 5.84 7.37) (3.33 7.83 8.56) (8.21 0.43 5.87)
char 11 (p r l) (k g k) (n n f) (a c d) (m h b) (k a t) (h l h) (o f b) (r i c) (p o f) (n a l)
int 13 (83 53 17) (61 37 12) (89 60 65) (84 96 33) (67 30 4) (53 94 25) (70 75 10) (70 5 86) (26 65 95) (27 80 73) (47 28 97) (48 32 42) (72 14 31)
double 14 (3.81 2.54 0.7) (2.64 1 5.11) (7.92 6.42 7.47) (2.44 4.97 6.7) (6.53 6.44 7.83) (2.95 2.12 2.88) (9.56 0.66 0.7) (2.95 3.17 3.92) (2.08 7.27 2.06) (2.03 7.71 3.61) (4.05 1.83 9.66) (4.15 3.97 5.97) (5.72 7.3 1.25) (4.08 6.61 3.59)
int 14 (64 72 20) (37 32 33) (87 63 6) (12 35 64) (91 66 94) (99 48 34) (15 83 71) (12 15 79) (7 92 71) (67 65 29) (54 87 83) (50 99 87) (31 65 3) (41 92 32)
bool 15 (1 0 1) (1 1 0) (0 1 0) (1 1 0) (0 0 0) (1 0 0) (0 1 0) (0 1 0) (0 0 0) (1 0 0) (0 1 0) (0 1 0) (0 0 0) (0 1 1) (1 0 1)
char 16 (n c l) (a f p) (b e o) (h i i) (f i s) (o d b) (m e p) (j q e) (s h p) (h d q) (d q r) (g c r) (c q d) (b b o) (i e p) (h d r)
char 16 (h c s) (q p r) (m r j) (k a l) (h b t) (a e r) (q f l) (e p p) (t t j) (t m o) (k g c) (c b a) (o h n) (r b f) (i o m) (i f s)
double 17 (3.52 8.99 7.42) (5.48 5.22 3.71) (7.73 9 3.55) (3.13 3.35 0.57) (1.91 0.86 8.82) (3.3 2.75 3.85) (4.43 6.96 5.75) (7.92 9.8 7.81) (2.68 1.22 5.01) (6.35 8.44 1.28) (6.06 2.52 3.16) (2.69 1.86 9.9) (7.15 3.45 6.96) (0.5 0.3 7.65) (0.62 6.85 0.48) (7.93 4.05 4.02) (3.11 1.23 5.36)
int 18 (84 59 21) (18 79 67) (50 66 61) (29 89 17) (76 89 67) (14 27 71) (12 95 96) (60 87 66) (10 69 48) (5 44 53) (8 13 46) (35 96 68) (29 98 82) (9 70 78) (80 84 75) (45 56 94) (64 33 53) (38 30 18)
int 18 (33 35 8) (38 62 68) (3 22 84) (94 57 93) (70 39 54) (62 49 17) (80 14 16) (56 41 53) (89 1 16) (20 96 25) (42 7 15) (91 86 77) (4 34 83) (62 33 61) (98 35 62) (18 77 94) (14 24 48) (85 94 68)
double 20 (8.02 9.9 8.55) (4.64 0.57 8.6) (0.68 6.62 7.85) (9.02 1.33 4.76) (8.28 8.26 8.96) (4.37 9.85 6.74) (2.09 3.31 3.15) (1.9 5.21 6.46) (2.03 6.65 7.45) (1.78 8.05 6.36) (7.55 1.97 0.21) (5.27 4.87 4.76) (7.05 0.66 8.44) (1.09 9.48 7.57) (2.23 2.81 5.58) (0.59 0.68 3.13) (8.99 7.68 0.93) (0.19 6.57 0.91) (3.19 6.27 0.82) (2.33 2.25 1.64)
char 21 (i j r) (t m r) (h p q) (d g t) (c i i) (b s i) (l c l) (p t d) (g r j) (h q k) (j j s) (j b j) (g a j) (s o p) (b d a) (e q j) (n o f) (a a o) (d s d) (i s p) (e p d)
bool 21 (1 1 1) (0 1 1) (1 0 1) (1 0 0) (1 0 0) (0 1 0) (1 1 1) (0 1 0) (0 1 1) (1 0 0) (1 0 0) (1 1 1) (0 1 0) (1 1 0) (0 0 0) (0 0 0) (1 1 0) (0 1 0) (0 1 0) (0 1 0) (1 0 1)
double 21 (7.67 3.42 9.39) (8.11 6.71 0.28) (0.53 5.2 3.79) (5.49 0.4 0.97) (8.83 6.49 5.17) (5.85 8.66 9.44) (1.27 9.04 2.78) (4.97 5.27 6.78) (3.68 3.53 6.67) (2.35 1.34 8.11) (0.87 3.61 8.64) (4.95 0.13 6.66) (7.81 6.14 6.01) (3.47 4.84 2.7) (9.45 1.68 8.03) (2.78 3.53 6.38) (4.22 6.02 5.27) (2.8 4.1 2.32) (4.16 3.95 2.58) (3.07 6.97 6.83) (1.03 1.52 3.61)
int 23 (52 91 64) (82 8 8) (45 65 81) (24 80 8) (94 19 35) (48 71 69) (30 93 7) (98 74 14) (67 58 13) (37 80 92) (16 41 88) (48 48 58) (40 7 7) (86 61 61) (37 59 62) (58 37 4) (9 99 75) (25 7 84) (39 83 3) (10 78 59) (66 36 58) (94 88 12) (36 97 59)
int 24 (58 74 12) (91 21 15) (25 31 96) (3 20 58) (32 82 3) (62 67 62) (49 2 6) (25 4 60) (37 5 47) (61 31 56) (20 74 32) (46 68 76) (58 99 75) (45 9 73) (43 77 37) (80 76 66) (26 19 66) (96 70 83) (47 69 37) (69 32 67) (4 56 76) (26 69 25) (9 8 8) (13 70 77)
bool 26 (1 0 0) (1 0 0) (0 1 0) (0 0 1) (0 1 1) (0 0 0) (1 0 1) (0 0 0) (0 1 0) (1 1 1) (0 1 0) (1 0 0) (1 0 1) (0 1 0) (0 0 0) (1 1 1) (1 0 1) (1 0 1) (1 0 0) (1 0 0) (1 0 1) (0 1 0) (1 0 0) (1 0 0) (0 0 0) (1 1 1)
double 27 (5 9.32 0.47) (9.93 3.07 1.65) (9.48 2.42 0.17) (9.54 0.97 4.27) (0.4 3.56 4.97) (4.68 0.23 2.88) (8.26 4.48 6.39) (2.23 1.19 5.85) (0.87 1.76 7.56) (9.39 1.82 5.98) (7.67 0.16 0.02) (0.06 2.94 6.41) (3 5.64 3.46) (9.82 0.86 5.22) (1.64 7.55 3.39) (5.56 0.13 7.77) (2.64 2.97 4.3) (3.27 2.47 8.8) (7.97 2.96 8.63) (5.14 1.31 4.91) (2.18 5.34 9.18) (5.71 3.95 2.34) (0.91 1.33 4.54) (3.36 5.2 8.22) (1.78 5.88 7.28) (8.71 4.8 8.41) (8.21 8.81 3.85)
char 30 (f a q) (h s m) (l d g) (p b e) (a r p) (r l c) (j t j) (l i j) (j j m) (r d e) (m k p) (d r b) (b m c) (r n i) (r c m) (s j a) (t m k) (p b b) (g j k) (b j c) (q k a) (j b s) (p e e) (k b h) (d m a) (n h p) (r c r) (a q t) (h a q) (a e e)
int 31 (41 72 53) (19 13 37) (56 68 37) (85 16 3) (63 79 46) (86 89 3) (52 20 46) (10 14 29) (53 71 52) (86 45 51) (30 59 25) (19 7 60) (31 88 14) (67 2 53) (14 34 47) (96 6 33) (34 78 34) (50 43 76) (4 69 23) (49 45 45) (94 78 22) (7 42 52) (10 73 11) (81 6 45) (70 71 83) (17 32 39) (14 63 33) (79 18 64) (16 59 7) (42 26 26) (19 83 97)
char 34 (p e o) (e b r) (f e t) (t b e) (c n k) (o a g) (f h j) (r d p) (j k a) (b c h) (l e e) (p m l) (k f g) (r o p) (o l p) (f i e) (k k l) (j i k) (e n m) (q q h) (p j p) (d k j) (p s m) (t s i) (g n a) (o e d) (b i s) (q n d) (q k d) (e h j) (m s j) (o f e) (t s t) (b j o)
double 34 (8.88 2.07 4.04) (2.5 5.29 5.06) (1.01 1.32 6.99) (0.57 1.8 8.67) (9.34 7.71 0.86) (9.1 8.33 9.44) (6.19 6.39 2.86) (3.59 1.71 3.97) (4.86 7.98 4.69) (2.24 4.28 5.72) (1.62 2.06 0.49) (2.61 1.84 4.71) (8.75 7.51 6.17) (8.04 3.89 5.09) (1.99 2.68 0.41) (3.55 1.74 5.62) (4.36 4.19 3.6) (3.46 7.61 9.64) (7.72 6.15 8.26) (5.61 0.59 2.94) (7.85 8.17 9.61) (6.93 5.61 9.03) (8.15 2.35 9.23) (9.68 3.87 2.33) (6.69 7.61 1.21) (2.36 8.06 8.63) (7.26 1.85 2.43) (9.6 0.92 5.57) (8.55 7.35 5.17) (7.93 7.82 3.59) (7.81 7.5 7.12) (1.53 2.4 1.89) (3.12 3.17 2.16) (8.66 6.44 4.32)
bool 35 (0 0 0) (0 1 0) (0 0 1) (0 1 0) (1 0 0) (1 1 0) (0 0 0) (1 1 0) (1 0 0) (1 0 1) (0 0 0) (1 0 1) (1 1 1) (1 0 0) (1 1 1) (1 1 0) (0 1 1) (0 0 1) (0 0 0) (0 0 0) (0 1 1) (1 1 0) (1 0 1) (1 1 1) (1 0 0) (1 0 0) (0 0 0) (1 1 0) (0 1 1) (1 1 0) (0 1 1) (0 1 0) (0 1 1) (1 1 1) (0 0 0)
char 36 (b p f) (l n l) (f t c) (m e b) (p k l) (q j g) (t c b) (s j r) (o h h) (b n s) (l t c) (q j s) (h h l) (f d s) (r s e) (a p d) (p s m) (h q k) (c d j) (r b o) (k f s) (h b r) (j j b) (j f o) (l a q) (l o l) (s o e) (n j j) (n t n) (r d d) (c a p) (q t h) (f f f) (i k e) (i i t) (i o p)
int 38 (50 54 98) (82 80 94) (65 13 93) (41 76 44) (65 10 5) (98 34 3) (42 92 5) (28 94 43) (92 8 13) (62 49 71) (35 66 63) (36 80 82) (50 51 4) (93 67 5) (75 84 56) (34 1 64) (41 58 44) (74 83 21) (77 21 84) (19 96 36) (28 64 52) (55 91 59) (66 33 82) (54 82 2) (12 76 35) (5 41 98) (71 81 71) (69 47 14) (35 2 10) (59 61 2) (4 79 36) (83 82 21) (15 82 19) (94 58 88) (44 48 96) (90 32 89) (59 14 32) (55 37 14)
bool 40 (1 1 1) (0 0 1) (1 0 1) (0 0 0) (1 1 0) (0 1 1) (0 0 1) (1 1 0) (1 1 0) (1 0 0) (1 1 1) (1 0 1) (0 0 1) (0 0 1) (1 0 1) (0 1 1) (0 1 0) (1 1 0) (0 1 1) (1 1 0) (1 1 0) (1 1 0) (0 1 1) (0 0 1) (1 1 0) (1 1 1) (1 1 1) (1 0 0) (1 0 1) (1 0 0) (1 1 0) (1 1 0) (1 0 0) (0 0 1) (0 1 0) (0 1 1) (0 1 0) (1 1 1) (1 0 0) (0 0 0)
char 40 (o f t) (q i b) (m q c) (a d n) (p b n) (o h b) (j a a) (o c g) (c i l) (n n n) (r i t) (d c d) (s e q) (o j l) (p k t) (a q n) (h f s) (k f t) (h s q) (n b j) (g j p) (b r s) (p h t) (h i a) (t l s) (t l n) (m g n) (t o d) (t n m) (b p p) (h t t) (b r j) (d n m) (p k i) (a p f) (i d b) (o e p) (g m l) (s e c) (f j t)
bool 41 (1 0 1) (0 1 0) (1 0 1) (1 1 0) (1 0 1) (0 0 0) (0 1 1) (0 1 0) (0 0 1) (0 0 0) (1 0 0) (0 1 1) (0 1 1) (1 0 1) (0 0 0) (1 1 0) (0 1 0) (0 1 1) (1 0 0) (0 0 0) (1 1 0) (1 1 1) (1 1 1) (0 1 1) (1 0 1) (0 0 0) (0 1 1) (1 0 0) (0 1 1) (0 0 1) (1 0 0) (1 0 1) (0 0 1) (1 0 1) (0 1 0) (1 0 1) (0 1 0) (0 0 0) (0 1 1) (0 1 1) (0 1 1)
int 42 (31 55 3) (70 29 24) (15 5 13) (86 45 52) (83 33 12) (84 3 75) (71 31 50) (93 4 47) (17 22 22) (54 39 19) (25 90 72) (79 32 18) (39 92 70) (87 17 77) (93 48 6) (50 80 92) (90 90 19) (10 25 31) (39 38 55) (68 33 83) (48 10 50) (16 73 20) (27 67 93) (56 86 59) (75 34 27) (26 74 89) (5 34 54) (39 46 25) (53 25 13) (84 44 26) (78 23 15) (47 15 44) (87 66 36) (26 10 15) (30 75 89) (89 63 55) (42 40 15) (44 96 97) (36 18 12) (91 5 47) (8 56 39) (78 47 82)
double 45 (6.43 1.28 9.4) (2.84 2.39 3.86) (4.54 3.82 6.73) (3.89 5.73 5.31) (9.24 8.54 1) (7.35 3.44 0.69) (5.08 5.34 1.75) (0.69 7.19 4.18) (7.92 5.95 2.77) (4.2 5.67 5.16) (1.53 7.8 4.99) (3.5 1.04 8.02) (3.23 4.3 6.05) (4.5 9.51 7.39) (9.02 1.68 4.45) (0.97 0.61 7.92) (5.69 5.38 2.36) (8.6 4.48 1.64) (9.1 6.64 6.47) (3.65 1.09 6.95) (4.59 9.36 7.7) (4.96 3.62 6.04) (6.14 7.53 1.23) (9.3 2.54 7.66) (4.64 8.56 4.25) (7.09 9.69 9.17) (5.46 8.5 0.2) (1.8 9.93 1.43) (1.93 3.6 9.63) (1.2 5.39 4.31) (1.31 5.14 9.1) (1.7 2.66 5.23) (4.21 5.58 1.23) (9.45 5.99 9.02) (4.71 2.84 9.96) (8.36 7.27 9.76) (7.52 6.21 3.81) (7.9 6.95 9.87) (8.33 6.81 0.06) (2.9 6.75 8.62) (9.71 8.68 7.01) (5.81 6.41 4.44) (5.85 4.13 0.02) (1.42 1.62 8.53) (2.44 6.21 5.24)
int 47 (93 63 37) (44 64 38) (68 92 22) (24 78 17) (96 7 82) (16 75 42) (59 1 86) (99 19 5) (29 16 84) (69 39 15) (62 32 35) (32 91 64) (79 68 92) (14 17 90) (84 66 23) (27 63 36) (23 66 22) (42 14 51) (42 41 89) (76 1 97) (50 48 68) (13 10 23) (15 95 75) (16 13 72) (29 99 58) (99 6 27) (9 25 24) (49 61 24) (17 63 19) (7 23 14) (13 98 84) (17 55 99) (28 92 67) (86 87 40) (77 59 85) (83 98 20) (70 79 23) (21 74 95) (87 25 99) (79 2 15) (52 33 73) (83 68 64) (56 13 90) (46 49 17) (60 13 85) (86 86 93) (75 84 35)
char 48 (m a k) (s m e) (l e k) (p r f) (q q t) (m s s) (h h k) (s g s) (f p j) (d o e) (h p i) (m t b) (p q k) (q l e) (p a t) (h l i) (t c l) (d k n) (g a j) (c k i) (h o p) (c j s) (o m s) (r s s) (b q b) (k n n) (n o l) (o s a) (k c o) (d m a) (q i j) (h i c) (n j c) (h l t) (j q j) (n e a) (g c l) (e s f) (g l q) (q i j) (j c n) (i e n) (n l j) (t d s) (i m h) (o g k) (m i e) (n p p)
int 49 (75 65 40) (7 33 48) (3 23 24) (12 66 84) (20 29 9) (66 24 42) (72 91 47) (60 41 56) (6 89 81) (14 52 27) (42 74 90) (80 54 75) (87 84 45) (99 16 51) (11 76 66) (97 39 12) (46 92 70) (48 40 35) (23 12 62) (95 64 46) (60 11 88) (69 71 42) (45 83 95) (44 28 77) (20 18 44) (65 25 22) (72 11 8) (45 98 64) (19 53 73) (27 52 12) (53 66 26) (86 27 23) (45 63 6) (25 32 92) (17 47 51) (34 91 24) (9 11 64) (35 39 10) (56 39 43) (32 74 74) (22 43 51) (49 56 79) (51 51 5) (87 18 6) (31 31 53) (53 29 69) (54 99 27) (66 94 23) (70 65 80)
char 50 (e l c) (l i n) (r e i) (k q k) (n f f) (a g t) (r j o) (s k f) (c a r) (a f r) (q s k) (t m g) (a h r) (k n i) (m e k) (t s o) (k l d) (g m f) (t h p) (t c l) (q c r) (e d i) (d q c) (b f f) (g p o) (t q j) (n q o) (d c r) (g n b) (a e s) (t p q) (f f p) (q j h) (t n r) (f b k) (s b j) (r j g) (t t p) (b h k) (f e c) (n k g) (j q f) (e b b) (n m q) (h a o) (t r m) (k f q) (e g j) (n f g) (d e f)
char 50 (h h g) (d n q) (m m o) (k q s) (j a e) (s e b) (d r o) (g e m) (l s q) (d l j) (i f n) (b b c) (i e g) (l c q) (m m k) (l g p) (a i f) (q e j) (o g q) (j m l) (i g f) (r q b) (s h t) (s a n) (p j q) (p d a) (r d t) (p s i) (f q j) (t b c) (k j c) (o a c) (i t i) (t n k) (a c j) (f i e) (c r e) (e i h) (f a f) (i c q) (n p n) (i d r) (d o t) (i b o) (k h d) (a d q) (d c p) (n l g) (a p g) (h o r)
bool 50 (0 0 1) (1 1 0) (1 1 0) (1 1 0) (1 1 0) (1 0 1) (1 1 0) (1 0 1) (0 0 0) (1 0 0) (0 0 1) (0 0 0) (1 0 1) (1 0 1) (0 0 1) (0 1 0) (1 0 0) (0 0 1) (0 0 1) (0 0 0) (0 0 1) (1 0 1) (1 0 0) (1 1 1) (0 1 1) (1 1 0) (0 0 0) (0 1 1) (1 0 1) (1 1 1) (0 1 0) (0 0 0) (0 0 1) (0 1 1) (0 1 1) (1 1 1) (0 0 1) (1 1 0) (0 1 1) (0 0 1) (0 0 1) (1 0 1) (1 0 0) (0 0 0) (1 1 1) (0 0 0) (1 1 0) (1 1 0) (0 0 1) (1 0 1)
char 50 (d s b) (b m q) (r k m) (f n i) (p j m) (r p o) (e s q) (f q i) (c k p) (a p b) (r m g) (p n f) (k n e) (o l g) (c f h) (c s r) (i r j) (m a h) (f n i) (i p q) (f a m) (b i j) (o k l) (h h i) (q k p) (k n b) (i h r) (d m l) (d o b) (f o k) (r n h) (d k j) (d j b) (t n q) (c a d) (i m g) (h k q) (h d i) (g o f) (q t r) (q r h) (i e r) (p f h) (c k j) (h g s) (d k d) (f g l) (j o f) (k r r) (g o h)
bool 52 (1 1 1) (1 1 1) (1 1 0) (1 0 1) (1 0 1) (0 1 1) (0 1 0) (0 1 1) (0 0 0) (0 0 0) (1 0 1) (1 0 0) (0 0 0) (1 1 1) (0 1 0) (0 0 0) (0 1 0) (0 1 0) (1 0 1) (1 0 1) (0 1 0) (0 0 1) (1 0 1) (1 1 1) (1 0 0) (1 0 1) (0 0 0) (0 1 0) (0 1 0) (1 1 1) (0 0 0) (1 1 0) (1 0 0) (0 0 1) (0 1 0) (1 0 0) (1 0 1) (0 1 0) (0 0 0) (0 1 1) (0 0 0) (1 0 1) (1 0 1) (0 0 1) (1 0 1) (0 1 0) (1 1 0) (0 1 0) (1 1 0) (1 1 1) (1 0 0) (1 0 1)
double 53 (3.99 1.82 1.02) (4.73 8.51 4.09) (9.08 7.04 3.8) (2.45 8.16 4.63) (7.24 3.46 4.88) (2.85 4.53 6.15) (1.02 8.02 4.21) (2.92 3.43 5.13) (2.58 6.25 4.88) (8.54 7.83 9.34) (8.76 2.14 3.31) (3.3 7.84 8.78) (5.76 7.47 4.43) (8.7 6.41 7.85) (5.69 0.16 0.26) (8.12 3.91 0.66) (2.4 7.25 3.27) (8.96 4.42 4.6) (4.48 5.91 5.05) (0.48 1.51 4.31) (5.79 3.7 4.5) (0.29 6.98 5.61) (0.11 6.45 7.72) (2.41 5.3 1.08) (3.71 7.9 8.73) (7.48 4.74 4.81) (9.89 6.7 9.23) (8.76 3.37 5.04) (7.06 5.35 0.27) (9 9.35 3.86) (7.31 9.36 9.36) (3.67 3.51 8.27) (2.27 5.94 4.45) (4.73 3.04 4.55) (1.51 7.75 8.13) (5.89 8.03 2.99) (6.85 9.98 4.48) (0.27 9.26 6.39) (9.7 1.77 3.59) (8.57 5.33 1.69) (1.89 1.34 8.99) (9.45 3.2 1.47) (8.3 6.9 9.81) (1.19 0.58 6.63) (6.63 1.36 2.37) (9.38 3.88 0.93) (2.92 5.94 6.31) (6.68 7.63 1.77) (6.12 9.54 7.59) (3.28 6.72 1) (8.95 6.27 2.44) (6.56 3.32 9.92) (7.04 8.47 0.24)
int 56 (69 86 73) (11 74 62) (60 38 28) (9 10 7) (6 87 16) (2 5 9) (50 2 49) (51 71 31) (11 94 54) (95 81 79) (10 52 49) (80 12 91) (86 98 42) (68 51 57) (14 54 93) (87 15 92) (73 83 64) (52 60 65) (93 65 6) (24 62 59) (55 15 21) (90 71 58) (84 53 36) (46 39 50) (96 86 55) (94 47 73) (75 78 11) (53 79 54) (11 55 36) (9 91 42) (64 9 83) (14 25 24) (59 67 68) (53 72 94) (36 45 35) (45 36 1) (71 91 6) (74 57 99) (1 88 4) (17 15 52) (21 17 95) (53 21 92) (25 72 15) (44 35 68) (32 46 5) (95 73 32) (64 98 43) (50 31 16) (86 32 88) (7 94 83) (8 60 97) (84 9 78) (17 77 28) (91 40 47) (56 31 34) (20 24 64)
char 57 (d m t) (m l m) (q k d) (j k h) (t h o) (m p t) (o p j) (s l a) (a j f) (l r g) (l b o) (k d p) (l t m) (c c c) (r t d) (n o r) (q d a) (r n s) (a d b) (i l t) (j l c) (t t f) (b i j) (i g s) (e o h) (p o t) (i k i) (j g g) (t h s) (o b h) (c t n) (g f q) (k s g) (g p c) (p i r) (o q l) (a t r) (d j i) (i j f) (q h s) (r t h) (g e l) (n p l) (p b a) (q j d) (b f c) (h q b) (e a n) (j n c) (f e q) (k s p) (o h n) (h t l) (o f g) (h o a) (m d d) (r n b)
int 60 (56 83 42) (20 67 22) (39 28 45) (55 39 52) (80 25 17) (98 54 35) (44 84 32) (42 66 40) (5 88 1) (70 8 47) (21 19 29) (25 79 58) (13 48 58) (93 87 24) (61 44 71) (2 93 64) (14 42 90) (36 6 88) (82 65 7) (50 93 76) (60 49 61) (46 7 88) (41 23 26) (51 15 8) (87 85 15) (30 1 1) (35 2 64) (85 44 58) (85 53 94) (61 85 97) (14 64 48) (62 29 23) (47 4 25) (63 94 62) (12 73 94) (92 94 61) (31 88 81) (31 13 67) (19 86 67) (68 99 26) (79 33 56) (1 78 66) (16 36 25) (16 59 67) (23 10 32) (54 36 51) (72 17 62) (38 32 82) (76 94 30) (75 72 72) (44 87 40) (87 2 30) (37 99 93) (78 1 13) (95 46 33) (60 78 58) (12 14 21) (83 77 16) (22 50 62) (99 28 18)
char 60 (q t b) (a m b) (c r h) (j f c) (t i c) (m f b) (t d f) (f m c) (c n t) (n n b) (f q e) (m s q) (n e p) (n c q) (s a p) (s p s) (k j a) (p l l) (n c t) (t l n) (m m b) (t n o) (n t e) (e b h) (q q s) (j s t) (f f f) (p d h) (q r t) (d q p) (m l h) (e d p) (f c g) (d t s) (e e e) (o o c) (o p k) (b j m) (t j n) (o e i) (g k n) (b r m) (a i a) (q m h) (k f m) (d s a) (e j j) (j o t) (s l m) (m n i) (f n r) (b k r) (p a s) (o l d) (e i q) (j l k) (m k t) (m f t) (s p m) (m n e)
double 62 (9.61 3.86 4.36) (5.5 0.54 6.48) (6.89 9.08 6.5) (3.51 9.17 1.23) (7.18 7.26 9.65) (6.84 1 9.96) (3.65 0.1 1.85) (7.25 9.23 9.61) (0.04 3.3 3) (7.16 3.71 3.28) (0.64 4.23 6.98) (1.56 9.39 3.01) (6.29 2.49 4.36) (1.38 9.34 9.77) (1.15 4.63 3) (9.14 8.13 5.83) (9.71 9.89 7.53) (0.28 6.53 7.17) (1.78 0.89 5.96) (3.31 6.83 4.62) (2.26 7.35 2.77) (5.95 1.94 7.85) (3.85 1.13 0.7) (4.89 1.88 5.27) (0.51 6.95 8.84) (5.19 6.94 7.96) (7.26 3.22 2.73) (0.88 0.79 1.34) (3.45 0.26 4.91) (3.77 4.14 8.21) (9.43 5.5 2.35) (8.97 0.62 4.76) (1.03 1.66 5.99) (3.78 9.29 8.98) (4.73 0.4 7.34) (0.23 0.2 7.77) (2.62 3.36 8.43) (2.02 4.8 7.99) (8.99 4.53 1.53) (2.02 4.47 0.64) (0.86 0.82 1.66) (0.11 7.45 2.62) (6.32 5.92 6.27) (3.21 4.07 2.05) (1.44 5.09 2.27) (9.48 4.12 6.13) (3.83 3.23 5.57) (7.47 9.91 3.53) (5.5 2.92 7.92) (8.9 5.62 7.08) (6.15 7.11 2.14) (0.45 6.84 6.93) (2.47 2.98 8.45) (1.11 6.31 4.56) (3.04 9.72 4.05) (7.39 3.49 7.96) (9.38 7.37 6.53) (7.12 6.81 7.35) (8.67 4.61 6.87) (1.69 4.5 1.18) (8.16 2.96 4.53) (5.46 5.3 6.29)
int 63 (76 91 74) (50 51 61) (42 96 71) (81 3 54) (38 64 98) (29 88 94) (71 35 75) (90 14 58) (10 61 26) (73 67 53) (7 86 12) (35 81 19) (50 81 52) (68 57 35) (68 38 1) (99 41 12) (53 68 15) (52 69 86) (71 7 78) (14 29 32) (36 62 91) (87 2 35) (25 34 50) (63 36 18) (58 88 8) (90 67 52) (93 62 86) (7 30 84) (23 74 41) (35 37 66) (12 31 38) (6 25 5) (75 75 64) (35 82 23) (50 68 63) (66 34 47) (5 92 46) (83 18 82) (32 16 77) (46 93 92) (53 69 33) (75 10 7) (58 86 11) (38 23 98) (39 1 8) (63 24 71) (68 72 3) (37 77 60) (9 19 73) (60 54 17) (52 16 89) (33 85 93) (52 44 89) (92 90 22) (43 89 50) (37 59 71) (41 42 6) (80 6 99) (11 90 66) (39 87 38) (90 7 17) (84 66 60) (43 89 49)
double 63 (8.67 0.29 3.2) (5.32 0.82 6.13) (3.14 3.3 5.12) (6.86 6.05 7.43) (5.91 3.95 0.03) (9.79 2.28 4.75) (7.32 6.36 1.87) (1.36 5.16 9.28) (9.99 5.05 9.07) (4.17 4.86 6.23) (5.61 4.05 0.39) (2.62 2.03 0.94) (4.7 4.29 1.85) (1.1 2.45 9.67) (2.55 3.46 3.88) (5.57 4.89 0.17) (8.44 6.68 4.42) (1.45 3.04 2.36) (8.44 0.25 5.26) (2.19 8.67 7.68) (0.21 1.32 7.93) (6.01 0.69 7.96) (1.34 6.69 6.4) (9.41 5.89 1.1) (0.15 5.03 8.9) (4.91 3.62 8.41) (5.43 8.26 6.07) (9.15 9.09 7.32) (7.88 2.42 6.32) (3.56 9.65 6.38) (3.14 7.31 4.26) (7.33 0.87 1.18) (4.52 3.7 4.62) (9.57 1.84 2.06) (5.42 8.66 5.17) (6.96 2.34 6.44) (1.66 8.6 9.56) (6.13 5.31 5.74) (5.82 4.31 1.17) (8.25 1.07 6.1) (3.67 0.56 3.87) (7.3 9.97 2.02) (0.69 6.72 5.95) (0.82 4.16 6.76) (6.99 2.61 9.88) (1.75 2.26 9.24) (5.11 3.03 4.85) (7.14 9.82 5.93) (4.87 0.44 7.67) (9.17 1.53 6.53) (2.3 1.08 2.04) (0.42 4.98 9.91) (5.51 1.83 3.54) (7.23 6.82 1.39) (9.8 8.37 4.1) (6.48 8.99 4.36) (9.13 6.13 6.41) (0.56 5.28 6.78) (5.04 3.92 9.95) (0.21 7.05 6.71) (5.06 5.5 8.4) (5.23 0.89 9.72) (5.51 8.45 2.86)
int 65 (6 7 32) (72 76 20) (60 50 91) (25 72 46) (66 59 47) (3 51 67) (94 60 90) (71 36 2) (9 73 60) (82 10 37) (80 36 55) (99 59 69) (3 70 92) (38 28 90) (7 38 52) (27 34 20) (71 3 82) (72 75 71) (84 43 6) (50 22 7) (75 97 70) (82 22 61) (6 82 57) (30 67 2) (7 14 81) (59 55 64) (95 67 46) (38 19 13) (13 69 21) (36 99 38) (76 61 96) (29 36 88) (19 22 91) (60 45 97) (12 28 64) (42 90 29) (99 31 7) (49 24 80) (38 97 45) (53 10 69) (88 99 16) (18 14 13) (15 64 49) (77 19 35) (36 62 92) (54 93 3) (23 56 46) (52 38 96) (40 98 15) (6 44 41) (29 79 49) (91 3 68) (84 97 85) (31 17 30) (99 42 21) (96 12 30) (64 71 63) (1 11 21) (97 81 45) (83 33 81) (16 98 1) (2 22 5) (4 98 77) (9 57 46) (73 79 17)
bool 65 (0 1 1) (0 1 1) (1 1 1) (0 1 1) (0 0 1) (1 0 1) (0 0 0) (1 1 1) (1 0 1) (1 0 0) (1 0 0) (1 0 0) (0 0 0) (0 0 0) (0 1 0) (0 1 1) (0 0 0) (0 1 1) (1 1 0) (1 1 0) (0 0 0) (1 1 1) (1 0 0) (1 0 1) (1 0 1) (0 0 0) (0 1 1) (0 0 0) (1 1 1) (0 1 0) (0 1 0) (1 0 1) (0 0 0) (1 1 0) (1 1 0) (0 1 0) (1 1 1) (0 0 0) (1 0 0) (0 1 0) (1 0 0) (1 0 1) (0 0 0) (1 1 1) (0 0 1) (0 1 1) (1 1 0) (0 0 0) (1 1 1) (1 1 0) (0 0 0) (1 1 0) (0 1 0) (1 1 0) (0 0 1) (1 0 1) (0 1 1) (1 0 1) (0 1 0) (0 1 1) (1 1 1) (1 1 1) (1 1 0) (1 1 0) (0 0 1)
int 65 (50 78 64) (41 10 23) (35 90 55) (80 40 93) (10 73 35) (88 61 30) (4 50 52) (54 44 60) (15 49 1) (35 47 62) (25 6 64) (74 23 36) (25 4 20) (19 64 66) (97 93 47) (71 82 75) (70 89 30) (60 97 74) (94 81 46) (81 66 45) (43 10 94) (19 74 35) (70 42 71) (41 36 95) (50 33 4) (37 44 82) (13 34 58) (99 68 28) (76 35 19) (99 51 92) (89 81 61) (69 50 14) (11 68 93) (83 64 71) (13 59 99) (70 53 10) (62 13 73) (4 80 5) (87 20 3) (29 33 35) (62 9 37) (86 22 27) (30 96 89) (79 61 7) (74 81 88) (8 63 11) (29 91 25) (17 26 6) (31 32 30) (72 97 34) (79 27 93) (77 23 45) (34 27 25) (37 11 36) (89 18 19) (48 41 61) (77 45 65) (98 72 53) (42 45 1) (76 66 22) (32 36 35) (17 85 5) (15 37 78) (66 44 6) (96 15 10)
char 66 (g q q) (m k f) (g m m) (o t t) (p i q) (q o f) (r s j) (a s l) (j r p) (g h o) (b l i) (s m p) (f g g) (l m g) (q l h) (e m f) (c s m) (a g a) (i t e) (b p o) (o m i) (m e q) (r n n) (h k t) (c q g) (i q m) (e n r) (b d o) (h c c) (t r t) (p r h) (q b h) (n i l) (j m j) (e m c) (s r h) (o l a) (q d a) (d b q) (t i e) (f s e) (i i f) (c a b) (p k r) (c i o) (r d m) (g o q) (i d d) (i h e) (j e a) (h f k) (c g i) (b m g) (a s a) (m k f) (f a i) (p n o) (g k i) (j s m) (i s s) (h p t) (h g t) (q o r) (r g k) (h l b) (s a d)
int 67 (27 25 43) (7 41 42) (44 38 32) (82 47 5) (22 97 8) (1 93 46) (8 3 3) (42 59 78) (61 55 78) (72 60 63) (87 5 31) (99 59 53) (11 16 71) (9 87 39) (37 97 10) (38 30 55) (96 46 80) (51 20 79) (98 85 90) (58 40 18) (36 67 85) (89 97 84) (37 94 12) (13 34 60) (67 41 86) (99 66 31) (81 29 61) (23 59 14) (20 7 43) (20 89 53) (31 19 69) (85 26 91) (72 66 46) (70 16 10) (42 71 50) (25 96 95) (12 18 27) (61 65 84) (36 38 58) (68 97 65) (12 10 22) (58 30 36) (3 56 47) (2 30 32) (90 69 73) (18 16 73) (86 24 89) (30 13 70) (51 2 14) (32 30 41) (75 96 40) (22 54 80) (72 1 40) (15 66 2) (22 67 15) (21 15 89) (65 87 53) (81 73 74) (36 77 4) (82 62 44) (38 82 73) (43 52 32) (30 81 63) (91 79 53) (52 4 88) (98 25 70) (88 5 26)
double 68 (8.34 6.96 0.75) (9.8 5.48 3.53) (3.97 6.73 8.08) (8.73 8.44 1.46) (4.05 7.39 2.96) (1.45 5.99 9.32) (9.65 2.36 6.66) (4.27 6.34 7.22) (4.2 1.35 9.48) (9.92 0.22 8.87) (1.55 5.01 2.04) (8.03 5.34 8.8) (8.33 4.68 4.4) (0.94 5.11 7.17) (5.43 0.21 3.62) (1.15 0.04 2.83) (1.37 2.31 4.41) (1.43 6.18 5.03) (3.28 4.6 5.15) (7.39 2.09 4.65) (9.98 1.88 0.37) (9.35 7.26 0.71) (4.23 9.01 5.92) (6.93 4 2.6) (8.76 2.26 0.5) (5 9.95 1.93) (8.88 8.91 1.63) (5.35 7.91 5.6) (4.02 1.13 5.19) (3.83 4.63 2.64) (3.54 2.28 7.53) (5.4 0.58 5.95) (2.8 7.95 9.59) (7.45 9.15 8.87) (2.93 6.2 0.58) (8.57 4.91 1.59) (0.1 8.34 6.03) (2.95 4.92 0.24) (4.67 4.74 7.1) (9 9.41 3.2) (6.27 3.32 6.34) (0.85 1.48 7.7) (4.02 7.01 4.87) (2.62 5.83 4.74) (7.14 3.91 7.56) (6.58 6.86 0.43) (2.73 9.35 0.94) (2.32 8.05 3.06) (5.21 2.64 2.86) (1.13 3.14 7.59) (6.07 6.38 7.19) (1.32 6.88 9.42) (4.63 8.1 9.78) (3.06 2.09 4.13) (6.27 7.7 6.79) (1.69 3.28 7.56) (9.96 3.73 6.7) (6.96 8.66 7.87) (9.35 2.33 1.94) (4.77 3.93 0.95) (0.89 3.39 0.24) (3.19 5.29 1.78) (4.81 6.01 6.27) (0.07 9.3 9.51) (0.64 5.31 3.08) (7.16 5.26 1.56) (9.67 3.84 3.59) (3.23 1.07 5.72)
char 68 (b p l) (k p b) (h k q) (s b q) (d o m) (o m n) (o m a) (m e m) (d j e) (c l m) (p f b) (n s b) (h e t) (h i j) (f o j) (f a g) (j f m) (o k o) (n n d) (b f q) (h o l) (k o p) (q a k) (k q k) (q j b) (q s e) (a t p) (g n a) (q m p) (b h m) (r l m) (a e r) (s g o) (p g s) (e e t) (d g b) (e c t) (a l f) (k t s) (r g k) (q b n) (t f n) (n i m) (q b l) (r s f) (e s o) (g t k) (h h h) (b j m) (a e m) (a p h) (i h i) (p i e) (f k l) (k l i) (r b q) (s n f) (d b h) (d s q) (n k i) (m b k) (d d b) (j t c) (f e r) (h j e) (p r m) (r r k) (r q j)
double 70 (5.68 4.22 9.09) (9.89 4.77 6.69) (9.41 2.64 1.16) (4.44 0.12 7.18) (6.35 4.41 3.95) (9.27 3.11 0.14) (0.5 9.2 1.46) (4.05 4.66 0.82) (6.98 1.79 7.12) (5.29 1.51 8.68) (9.11 7.84 1.54) (2.53 6.85 1.02) (1.6 2.05 3.39) (9.03 0.83 0.95) (8.13 0.74 7.72) (4.86 5.48 1.31) (9.82 8.96 0.94) (8.11 1.99 8.84) (6.85 2.56 4.49) (7.82 7.5 1.28) (0.23 9.57 5.65) (3.11 8.47 2.03) (1.01 4.77 2.16) (9.76 9.61 9.28) (7.35 9.87 6.06) (5.99 9.05 3.42) (5.85 8.89 7.74) (1.68 4.43 5.08) (4.29 8.47 1.9) (7.54 5.61 0.31) (1.15 7.03 6.41) (9.34 0.81 5.27) (1.56 2.95 6.79) (0.41 4.63 7.72) (8.81 0.89 1.94) (9.09 4.68 7.34) (8.15 6.66 5.04) (3.56 6.12 5.33) (4.64 4.67 4.48) (4.08 8.87 5.63) (0.3 7.09 2.16) (2.13 2.8 3.76) (7.44 0.87 0.85) (0.76 1.26 2.72) (1.46 5 6.64) (9.14 7.23 2.96) (0.96 9.1 1.42) (8.68 3.21 0.48) (6.14 7.85 8.46) (4.12 6.33 6.23) (9.35 5.15 2.43) (1.69 5.01 9.55) (2.95 9.69 4.79) (8.76 9.2 5.98) (3.3 6.67 3.13) (4.18 5.92 4.41) (6.74 4.35 0.77) (3.93 5.06 2.32) (0.21 1.81 6.64) (0.41 5.76 2.48) (3.33 2.2 1.65) (5.85 7.84 7.98) (0.38 8.77 9.2) (1.92 4.67 8.64) (0.46 8.63 4.68) (3.75 4.81 8.29) (5.54 3.07 3.28) (0.34 8.96 0.05) (6.29 7.36 5.92) (4.95 8.28 3.91)
int 71 (28 65 81) (13 76 65) (85 56 6) (1 62 3) (19 96 74) (59 7 57) (92 53 53) (58 92 9) (73 34 78) (32 42 24) (1 15 84) (69 72 43) (62 96 8) (67 23 83) (62 12 95) (44 80 93) (29 95 61) (35 61 74) (94 2 32) (61 73 64) (52 44 79) (90 11 68) (56 30 92) (82 6 42) (63 49 75) (5 97 57) (56 39 55) (80 36 90) (56 90 12) (36 92 31) (43 66 12) (80 41 7) (73 94 67) (86 6 17) (78 54 20) (44 18 98) (2 85 21) (66 86 34) (29 9 22) (50 37 73) (79 13 11) (14 95 49) (21 6 5) (66 28 80) (41 63 43) (73 41 19) (83 4 46) (97 27 47) (89 30 61) (70 70 67) (78 43 92) (51 67 92) (16 85 48) (88 41 45) (31 39 5) (28 67 82) (5 48 57) (35 32 45) (80 87 97) (16 67 7) (11 19 86) (89 55 30) (96 86 98) (61 10 3) (87 86 58) (69 82 12) (86 55 14) (96 15 19) (25 4 28) (71 38 23) (50 71 30)
double 72 (6.83 7.25 4.28) (2.96 9.19 2.64) (1.34 8.32 7.33) (0.04 4.56 0.98) (7.37 0.35 3.08) (1.39 3.9 7.74) (8.83 6.48 4.18) (8.19 7.83 2.06) (4.79 8.51 4.84) (0.08 4.31 2.62) (6.27 4.83 1.14) (2.32 8.98 3.42) (6.34 1.23 7.88) (5.59 4.12 4.81) (8.69 8.06 9.75) (9.86 9.23 6.54) (6.9 4.18 2.69) (9.16 2.79 1.54) (0.34 9.81 4.71) (4.3 6.46 5.21) (0.32 0.05 7.93) (3.99 1.56 3.67) (4.93 9.77 3.72) (2.66 0.73 9.77) (6.62 3.66 8.44) (2.72 4.02 0.73) (8.1 7.85 8.26) (5.56 2.95 8.55) (0.42 3.45 1.78) (1.67 1.93 0.14) (6.54 9.99 3.48) (6.85 0.27 8.18) (4.83 4.08 5.95) (0.2 4.29 4.12) (4.95 4.91 4.77) (9.95 1.68 6.25) (4.57 2.02 7.37) (4.06 5.29 2.7) (6.06 5.36 6.85) (5.14 2.05 6.19) (9.62 8.51 9.1) (4.43 4.93 3.98) (7.15 4.96 2.07) (1.35 1.11 0.83) (2.28 4.18 9.17) (7.97 1.6 0.24) (8.09 5.17 8.12) (6.67 0.39 1.4) (7.59 6.65 2.67) (3.34 4.47 3.67) (4.5 1.77 9.16) (0.89 8.49 5) (2.1 4.93 1.88) (2.61 1.29 7.64) (9.35 9.4 6.25) (4.94 4.55 7.04) (5.55 5.44 9.46) (8.9 1.03 0.54) (1.49 7.9 1.27) (1.87 6.57 9.96) (0.72 6.64 0.56) (0.09 9.51 0.94) (6.19 5.94 5.55) (2.13 8.3 3.96) (4.54 1.09 7.89) (7.5 8.69 4.36) (9.69 0.75 1.31) (5.21 8.68 8.62) (9.6 5.9 6.08) (0.06 6.82 8.22) (6.58 6.89 3.87) (1.23 8.92 8.56)
int 72 (10 82 33) (50 77 1) (76 97 49) (4 1 95) (64 49 74) (18 83 95) (68 99 29) (35 35 43) (77 62 51) (6 58 56) (29 88 70) (6 5 17) (17 64 67) (11 13 86) (45 19 21) (84 96 67) (49 38 7) (78 76 53) (87 68 13) (39 62 51) (5 38 19) (1 44 7) (15 10 92) (89 94 84) (24 94 50) (88 38 58) (62 96 28) (20 82 53) (10 15 44) (61 54 28) (42 83 17) (72 87 52) (7 66 21) (83 66 85) (38 93 62) (95 93 15) (52 41 54) (85 25 36) (13 86 71) (67 41 11) (49 16 54) (48 81 82) (19 34 29) (73 8 53) (39 43 52) (87 70 36) (35 37 50) (47 26 53) (82 73 33) (96 36 14) (9 33 41) (74 32 52) (60 35 30) (69 71 72) (73 22 41) (89 66 68) (61 26 18) (85 61 53) (40 71 94) (17 85 88) (89 50 31) (87 13 38) (12 30 7) (62 31 70) (75 61 85) (25 97 78) (17 67 66) (58 34 77) (31 97 51) (92 70 29) (73 40 60) (71 17 54)
double 73 (9.54 5.27 3.05) (5.66 7.66 2.44) (0.69 0.16 7.78) (8.85 7.5 8.88) (4.42 1.04 1.76) (1.66 7.44 6.54) (6.11 9.6 2.89) (7.1 5.8 9.05) (1.57 3.67 8.51) (7.42 6.78 7.58) (9.14 5 3.59) (1.64 0.68 5.5) (7.16 2.75 0.85) (2.13 1.36 0.68) (2.6 6.73 2.74) (8.78 0.47 9.17) (8.44 5.06 8.27) (2.67 8.85 1.97) (1.59 4.02 2.98) (3.88 1.11 3.03) (5.91 7.55 0.24) (8 0.21 5.63) (7.49 8.32 3.59) (4.69 9.29 3.4) (4.02 8.53 9.61) (6.64 4.22 0.2) (1.95 8.03 7.8) (7.6 7.94 7.26) (4 2 7.97) (9.52 7.02 4.24) (8.05 6.18 9.48) (8.56 7.38 4.62) (9.03 3.48 9.14) (5.3 0.95 6.78) (2.34 9.14 3.64) (1.61 8.93 4.6) (5.1 7.04 1.29) (7.05 8.56 0.75) (4.89 9.89 5.78) (1.03 5.68 9.31) (5.69 0.11 9.43) (9.16 2.62 9.14) (1.22 0.21 9.57) (2.95 9.21 9.84) (8.15 6.51 7.43) (0.5 7.33 2.35) (6.39 4.37 5.31) (7.6 6.81 7.43) (5 1.42 3.43) (4.29 2.19 7.52) (7.39 6.71 2.6) (7.32 8.59 6.14) (5 6.77 8.43) (7.93 2.5 0.68) (6.72 0.14 0.13) (2.42 9.68 5.81) (7.53 8.42 6.73) (4.29 7.8 9.25) (3.23 9.73 5.86) (4.12 0.6 4.15) (0.77 3.39 8.15) (3.28 2.21 2.56) (6.15 4.73 7.36) (3.26 6.34 9.13) (2.25 1.41 6) (6.73 4.54 8.79) (5.01 0.77 6.8) (5.37 3.23 8.16) (8.48 9.58 2.34) (5.65 6.57 6.84) (9.56 7.54 0.34) (2.58 7.18 5.08) (4.13 0.39 2.4)
double 73 (3.07 4.1 0.51) (8.12 9.29 1.35) (2.51 6.27 5.35) (9.61 1.91 8.93) (3.59 8.23 8.4) (4.11 4.97 2.15) (7.24 8.24 9.37) (7.97 7.15 6.05) (1.24 6.44 8.23) (3.15 8.22 4.91) (4.79 1.04 2.01) (5.04 9.4 5.28) (0.48 3.69 9.2) (4.29 6.79 8.25) (6.28 6.45 9.37) (2.53 3.24 5.12) (7.58 8.18 8.27) (7.82 6.08 1.96) (8.68 2.04 7.55) (3.78 4.02 9.91) (0.16 8.09 0.02) (6.71 5.49 7.98) (4.39 8.5 6.94) (1.21 7.14 1.77) (7.15 5.8 1.42) (9.65 8.5 6.14) (6.7 0.96 2.55) (7.67 8.81 1.21) (4.74 6.28 1.22) (6.4 5.8 6.16) (6.89 8.92 1.13) (1.91 6.54 7.96) (6.99 1.61 3.88) (0.46 7.88 9.8) (4.62 9.7 0.88) (6.74 6.69 2.63) (9.91 4.91 1.33) (6.66 7.82 8.38) (7.77 5.26 4.04) (2.82 5.95 1.03) (5.59 4.72 5.21) (5.17 9.44 7.12) (3.19 8.2 3.44) (8.43 5.02 1.53) (5.74 5.76 8.5) (8.08 5.84 8.71) (3.67 2.44 8.36) (1.45 5.05 6.65) (2.02 1.25 8.96) (0.66 3.1 3.08) (9.11 6.39 4.02) (7.43 3.25 6.56) (9.63 9.4 9.15) (9.94 8.34 4.99) (2.29 3.56 4.66) (4.39 5.66 7.59) (5.91 1.98 9.61) (3.81 5.1 5.75) (0.26 1.37 2.9) (8.85 7.08 0.48) (6.73 7.94 5.13) (3.06 5.66 6.44) (4.1 0.29 6.12) (1.63 6.04 8.6) (7.44 3.64 4.66) (7.69 7.44 0.32) (1.42 1.54 0.54) (2.99 0.69 7.44) (2.93 8.94 8.7) (0.79 5.22 4.44) (9.51 6.47 2.26) (2.84 0.33 7.18) (8.66 4.29 2)
double 74 (3.54 6.53 7.69) (8.5 7.7 3.52) (0.28 7.02 8.92) (2.27 1.91 0.83) (1.92 8.55 3.76) (6.08 9.89 1.29) (1.39 5.52 8.37) (0.32 4.59 4.92) (0.61 5.15 5.12) (5.05 0.85 5.39) (9.93 1.78 2.81) (9.8 2.44 6.66) (9.08 8.16 9.9) (9.87 8.07 8.89) (1.53 1.86 9.84) (2.69 1.71 6.19) (0.28 0.87 1.9) (8.13 5.81 1.59) (1.96 0.91 2.56) (8.97 9.95 9.03) (0.89 3.31 5.4) (0.83 3.55 4.1) (8.88 5.42 5.74) (2.42 5.7 0.96) (3.1 8.89 5.35) (7.72 6.56 8.54) (1.95 2.11 0.83) (8.84 4.29 9.78) (9.81 8.47 0.79) (4.38 6.92 7.01) (0.57 7.28 2.73) (7.72 3.58 5.64) (2.94 2.88 8.67) (5.75 2.77 7.7) (6.17 8.44 7.5) (0.02 5.22 3.2) (9.02 1.75 3.44) (8.74 6.02 1.54) (2.67 1.93 4.27) (7.06 4.45 4.08) (3.59 2.9 4.72) (3.95 9.56 7.23) (8.19 1.62 7.79) (0.89 9.95 5.85) (5 5.11 0.9) (3.78 3.72 6.75) (0.53 4.46 1.28) (4.11 9.58 5.97) (9.75 1.02 8.8) (4.84 2.24 3.75) (2.56 7.1 8.19) (1.85 4.35 5.97) (1.15 3.48 4.04) (2.36 7.92 6.31) (7.17 2.21 7.98) (1.45 1.92 5.11) (9.15 8.13 0.22) (5.78 9.89 6.81) (7.22 5.11 4.44) (4.46 1.06 6.38) (6.38 8.2 0.22) (7.44 4.02 3.89) (7.63 0.73 5.98) (6.1 6.63 7.86) (9.36 5.24 8.46) (5.05 4.7 4.24) (6.63 6.37 8.17) (6.1 2.5 3.26) (5.16 7.05 2.61) (9.21 9.09 0.08) (8.68 4.57 2.1) (9.38 4.23 9.62) (5.56 1.53 8.17) (9.2 2.64 2.1)
char 76 (e d l) (b e e) (p e c) (t t b) (i g g) (a h i) (c b g) (t q k) (c e p) (t k c) (m m s) (r l f) (a o c) (f g j) (h d f) (o g t) (q s p) (l d b) (o o m) (d b a) (h k i) (p e i) (r m b) (p k o) (h g f) (n c n) (e s s) (a b f) (m k s) (d p n) (e m c) (e i f) (g q m) (n q d) (c e h) (s e o) (f e i) (d r c) (i i n) (n l n) (i s d) (b f f) (k r b) (r a p) (l s d) (q d e) (g r b) (o c q) (p p f) (e b i) (o t p) (f t n) (l g d) (o b r) (b o k) (i o j) (m q l) (q h n) (h m i) (r e n) (d s i) (g i f) (q o c) (g s n) (b f e) (h o h) (c q h) (j d i) (c t r) (l d f) (q o p) (d p q) (e h l) (a c a) (k m b) (g r h)
char 77 (n t i) (k k j) (k e r) (n r i) (c o t) (s m o) (k f r) (f p s) (l k s) (d j s) (q o l) (b f l) (k b m) (g j c) (d j e) (d q q) (f f d) (e s d) (q e o) (i g b) (p b o) (k g h) (o q q) (t f e) (a k q) (m a t) (m q l) (f j b) (t m c) (h j s) (b a b) (l d i) (j i d) (i o t) (c c h) (e i s) (a m g) (a i r) (t s q) (a c g) (b b e) (m c e) (f r a) (b n b) (n n f) (q n h) (k m n) (r g a) (f a f) (o g c) (t q j) (a b j) (j q a) (p g d) (q k d) (q b j) (m p p) (h q i) (h c l) (p r i) (f j h) (i c d) (l i e) (i f a) (s c p) (k n h) (d m t) (b f s) (f c m) (o n c) (p p k) (i e k) (i o b) (f t d) (h j f) (i t n) (f r m)
int 77 (98 83 52) (90 75 74) (32 14 44) (34 38 46) (13 47 76) (25 50 22) (19 35 19) (65 1 8) (89 90 79) (16 76 67) (77 70 48) (87 38 26) (36 72 33) (99 54 42) (58 96 7) (69 58 19) (41 59 55) (62 44 13) (90 97 65) (96 94 69) (65 39 50) (11 68 89) (17 37 77) (58 56 33) (42 89 67) (9 17 37) (85 74 41) (37 3 25) (11 71 41) (2 6 74) (52 62 72) (47 60 2) (68 66 16) (40 35 69) (89 40 71) (90 9 1) (17 95 35) (9 17 25) (35 4 22) (17 99 33) (88 13 29) (25 61 24) (27 96 78) (68 23 98) (16 46 98) (58 55 65) (2 61 31) (8 30 15) (82 40 72) (90 38 91) (74 3 87) (91 71 45) (62 46 72) (67 85 72) (8 25 84) (32 52 95) (31 8 51) (64 12 2) (89 86 31) (65 17 73) (19 53 59) (82 77 94) (81 10 94) (38 89 18) (66 92 11) (87 43 85) (97 21 76) (51 46 40) (7 52 94) (86 83 38) (50 35 44) (24 48 67) (44 63 53) (77 90 77) (91 71 28) (57 26 85) (24 98 22)
char 77 (r j j) (e p k) (n c h) (f t f) (d p m) (j n m) (a f i) (e h g) (j f q) (g j b) (t t k) (g r m) (m f k) (i j o) (i b f) (e h m) (r r s) (j j a) (a j h) (t a a) (e t g) (o k t) (f p b) (o a j) (d t k) (e h c) (s k n) (i n g) (f j m) (t o m) (a n b) (p a p) (a b k) (j p a) (m j k) (g r e) (m r j) (o i j) (r a j) (f n b) (h i q) (p q c) (n e c) (k r h) (m t c) (l l j) (g g m) (a q h) (b i k) (k h o) (q o t) (a o m) (c e l) (n r j) (c d p) (s i j) (k a h) (p o q) (q k q) (b d b) (q p t) (n e k) (b f l) (r i o) (k i b) (r f n) (t a s) (q l a) (q g n) (k i a) (f m k) (f h m) (t j g) (t i e) (b t q) (h l i) (g o o)
bool 78 (1 0 0) (1 1 0) (1 1 0) (1 0 0) (1 0 0) (1 0 0) (0 0 0) (1 0 0) (1 0 1) (1 0 1) (0 0 0) (0 0 1) (1 1 1) (0 0 1) (0 1 0) (1 1 1) (0 0 0) (1 0 0) (0 1 0) (0 0 1) (0 1 0) (0 1 0) (0 0 0) (1 1 0) (0 1 0) (0 1 0) (1 1 0) (1 1 0) (1 0 1) (1 0 0) (0 0 0) (1 1 1) (0 0 1) (1 1 0) (1 1 0) (0 0 0) (0 1 0) (0 1 1) (0 0 0) (0 0 0) (0 1 1) (1 1 1) (1 0 1) (0 1 0) (0 1 0) (0 0 0) (1 1 1) (0 0 1) (1 1 1) (1 0 0) (1 0 0) (0 1 0) (0 1 1) (0 0 0) (1 0 0) (1 0 1) (0 0 1) (0 1 1) (0 0 1) (1 1 0) (1 0 0) (0 0 1) (0 0 1) (1 1 0) (1 0 1) (0 0 1) (1 1 0) (0 1 1) (0 1 1) (0 1 0) (0 0 1) (1 1 0) (0 1 0) (1 1 1) (0 1 1) (1 1 0) (0 1 1) (1 1 1)
int 78 (33 13 88) (27 70 5) (58 85 8) (65 37 77) (1 58 70) (66 70 13) (81 95 24) (48 7 97) (22 46 25) (3 88 18) (17 53 96) (52 20 51) (20 72 18) (35 86 41) (28 39 4) (46 88 30) (53 91 58) (90 25 16) (86 93 46) (37 94 4) (40 61 44) (36 60 21) (88 14 28) (67 15 57) (88 48 69) (21 88 26) (61 45 87) (17 54 66) (90 76 82) (40 40 95) (46 87 80) (94 2 14) (23 23 62) (3 82 27) (75 2 29) (1 45 4) (40 9 9) (57 30 9) (29 69 59) (46 63 23) (61 86 75) (58 45 36) (82 71 98) (85 88 6) (30 43 24) (52 18 18) (83 71 25) (93 16 40) (79 98 83) (5 73 84) (54 22 13) (88 56 61) (93 9 57) (57 25 51) (66 32 43) (58 27 52) (54 83 43) (93 57 46) (97 69 7) (85 95 27) (42 5 68) (77 64 80) (7 83 1) (97 53 40) (60 69 20) (84 4 75) (29 27 50) (34 65 62) (60 9 39) (53 53 90) (91 30 94) (17 11 9) (75 23 43) (16 83 46) (18 7 49) (26 79 87) (97 10 87) (90 87 64)
double 79 (3.13 5.41 1.74) (3.35 3.66 6.26) (7.74 6.14 6.57) (2.64 7.5 7.21) (2.32 2.78 3.52) (6.46 0.56 1.19) (8.18 1.75 7.21) (2.11 9.73 5.55) (7.41 1.81 5.55) (1.96 9.7 8.42) (0.85 7.62 2.69) (3.86 8.93 0.07) (6.65 9.67 0.74) (6.13 2.5 3.05) (9.55 9.6 5.86) (9.24 6.84 2.09) (4.15 6.5 8.36) (6.2 9.32 4.15) (7.57 2.91 5.34) (7.18 6.98 8.42) (6.59 6.72 2.03) (9.75 0.14 5.41) (1.46 3.42 7.69) (0.36 1.16 4.44) (4.07 1.31 8.57) (2.72 4.18 8.97) (9.6 8.37 9) (2.73 3.04 2.97) (0.25 3.74 2.32) (7.9 4.03 6.56) (2.84 6.43 7.07) (6.35 2.3 7.03) (1.59 0.11 0.14) (3.88 8.89 8.15) (0.32 0.1 3.14) (7.45 4.08 5.4) (2.23 7.09 2.47) (7.6 3.22 3.57) (9.43 8.71 9.86) (5.88 9.22 4.71) (8.68 7.38 2.87) (1.99 3.56 7.43) (3.95 9.01 0.58) (5.95 3.02 5.09) (9.68 8.04 1.09) (0.53 0.2 5.02) (0.85 9.81 4.15) (9.33 4.54 1.73) (9.14 9.79 0.68) (2 7.16 1.68) (5.46 8.68 9.33) (8.16 9.73 1.07) (8.26 7.26 2.63) (7.77 8.82 4.6) (6.29 3.62 9.11) (9.12 2.21 1.74) (3.68 8.2 7.99) (0.15 6.28 8.08) (2.3 6.26 8.15) (6.92 0.24 6.16) (5.95 5.37 4.21) (9.14 6.59 5.37) (5.16 1.5 8.27) (0.89 2.04 4.79) (3.89 5.82 2.7) (6.57 6.8 3.33) (0.17 7.9 1.52) (2.48 5.82 7.15) (4.42 4.66 2.9) (2.52 0.01 3.58) (8.51 2.85 7.89) (1.68 4.25 3.76) (5.09 9.94 1.35) (1.29 2.28 0.34) (2.43 5.59 0.18) (0.32 0.31 1.41) (1.86 9.8 7.73) (8.77 9.07 6.95) (8.64 6.59 9.14)
double 80 (4.46 3.5 0.3) (1.72 9 9.53) (6.76 1.02 6.32) (2.94 3.24 7.11) (3.3 2.72 1.87) (2.53 0.25 6.39) (2.22 4.39 9.12) (9.21 5.9 0.99) (1.98 0.77 7.52) (7.97 4.28 7.01) (7.21 3.92 8.32) (0.36 3.89 1.13) (5.46 4.5 8.76) (0.47 2.38 4.01) (4.61 3.65 6.86) (7.27 1.83 1.82) (6.36 0.78 2.46) (8.14 4.28 5.98) (8.93 2.67 0.64) (5.49 8.55 2.04) (6.02 0.45 1.59) (2.5 9.82 2.51) (5.29 7.31 8.4) (3.91 3.45 9.56) (2.69 9.1 0.09) (3.95 0.46 4.57) (3.94 4.84 7.34) (1.43 3.71 2.7) (3.72 8.36 5.21) (5.65 2.76 8.33) (4.84 8.55 6.9) (9.14 6.51 2.14) (0.81 4.07 0.37) (6.54 9.13 5.08) (6.6 3.01 2.52) (1.81 6.85 9.52) (4.83 2.25 6.31) (0.29 4.77 2.51) (7.26 5.86 1.59) (5.67 0.88 4.56) (2.57 9.83 3.49) (0.47 5 6.06) (2.08 1.92 6.05) (4.88 3.56 3.38) (7.92 8.65 9.56) (3.98 9.93 8.61) (4 6.71 9.75) (0.54 1.32 0.91) (7.7 0.94 0.63) (0.57 4.35 6.15) (7.84 1.8 5.93) (1.72 1.37 9.17) (0.45 2.58 1.03) (1.97 8.66 8.03) (8.39 6.46 3.3) (7.58 9.56 6.77) (9.48 6.97 8) (5.21 1.13 0.02) (9.56 5.37 7.11) (7.28 6.96 9.36) (7.91 0.27 0.71) (4.75 2.21 6.87) (3.62 3.83 1.34) (4.63 4.06 9.17) (8.66 1.78 6.88) (8.22 4.85 2.36) (5.48 2.03 5.56) (6.59 3.03 5.66) (6.97 4.87 7.13) (5.41 3.8 6.22) (5.59 9.99 4.23) (3.5 4.64 5.35) (0.89 2.32 4.16) (2.99 6.11 5.02) (6.46 5.45 8.9) (4.36 5.81 6.76) (2.62 8.49 6.51) (1.61 8.37 8.65) (1.73 2.9 5.3) (5.26 5.6 2.39)
int 80 (5 26 56) (52 71 94) (80 87 81) (86 91 64) (22 24 71) (77 71 75) (59 27 20) (52 42 32) (96 79 23) (29 31 34) (79 64 1) (88 64 13) (43 59 36) (59 41 17) (50 74 55) (64 70 22) (85 26 69) (63 22 23) (1 73 37) (73 1 42) (71 45 70) (94 75 35) (88 73 24) (86 26 37) (36 8 59) (79 21 97) (57 14 21) (76 48 66) (39 41 32) (81 67 11) (48 82 94) (20 29 62) (50 5 16) (37 64 84) (36 15 60) (84 90 14) (71 18 90) (85 15 67) (69 23 47) (9 67 89) (56 9 77) (50 44 29) (47 84 20) (93 66 80) (71 1 87) (50 51 97) (4 61 48) (81 56 13) (24 28 73) (83 16 24) (15 55 74) (82 8 28) (78 58 52) (1 75 26) (97 9 55) (69 63 5) (22 61 56) (35 54 36) (35 84 85) (64 93 80) (84 72 66) (68 35 62) (40 95 70) (90 86 76) (67 42 62) (64 82 99) (93 77 57) (99 56 87) (91 71 23) (8 54 50) (83 13 77) (38 56 9) (15 22 65) (64 5 39) (38 22 34) (43 48 70) (67 41 35) (39 73 57) (19 15 39) (55 41 8)
int 81 (30 6 78) (11 79 9) (6 71 65) (52 7 29) (70 48 20) (12 38 52) (84 51 77) (35 11 32) (17 38 80) (46 35 6) (66 66 6) (22 93 42) (38 93 86) (41 81 68) (3 93 25) (74 36 99) (44 9 14) (28 39 51) (56 65 24) (24 59 96) (47 49 68) (17 42 81) (63 4 88) (68 16 97) (7 7 24) (59 36 52) (89 72 97) (47 68 54) (40 85 34) (41 19 10) (28 59 3) (51 37 92) (15 1 59) (18 88 73) (99 84 40) (46 86 25) (1 72 20) (64 81 5) (13 51 85) (37 46 31) (92 82 57) (75 54 4) (66 30 40) (3 14 5) (77 64 5) (83 7 86) (5 84 16) (62 24 36) (97 76 62) (37 29 41) (85 80 58) (58 72 62) (19 72 62) (75 52 10) (76 26 45) (6 97 86) (81 66 33) (68 32 73) (87 45 47) (43 66 87) (36 99 59) (50 33 45) (9 84 62) (31 15 59) (46 34 70) (53 90 25) (8 64 98) (96 39 55) (62 87 36) (26 43 30) (72 18 34) (7 63 77) (94 29 32) (41 87 77) (90 89 83) (70 8 22) (4 67 31) (51 53 83) (77 28 75) (70 69 95) (46 59 76)
double 83 (1.46 2.47 5.98) (4.8 5.57 9.21) (2.74 0.59 3.29) (5.68 4.71 0.51) (1.22 0.98 2.4) (7.42 3.99 4.71) (3.77 1.85 4.88) (9.96 4.48 3.14) (5.89 1.85 0.24) (4.19 9.37 6.18) (0.13 0.39 9.26) (7.34 9.14 9.01) (5.68 0.97 0.76) (6.47 3.03 2.01) (8.23 0.58 1.93) (9.78 3.23 4.62) (8.2 4.91 8.91) (5.72 6.2 2.04) (0.8 5.52 8.91) (4.52 4.03 8.14) (3.73 3.13 6.37) (3.69 9.81 9.26) (4.93 6.17 5.89) (5.6 7.18 7.58) (3.22 3.78 1.92) (5.07 8.93 3.5) (1.61 1 3.62) (6.86 8.94 4.03) (6.51 4.18 9.29) (2.61 6.68 4) (9.56 0.34 4.88) (0.32 5.45 1.17) (5.42 6.61 4.46) (7.39 1.07 1.04) (0.87 0.16 1.53) (7.78 4.13 4.88) (3.32 2.47 6.97) (1.59 6.65 7.35) (4.37 2.09 9.86) (8.37 8.34 4.54) (1.03 2.55 0.02) (7.56 4.58 9.73) (2.78 9.75 8.89) (5.91 0.49 1.1) (3.45 8.56 0.86) (0.85 6.2 9.29) (7.2 4.14 3.89) (2.25 9.16 9.87) (4.07 2.22 0.97) (9.67 6.4 1.86) (6.07 7.25 4.15) (0.38 0.78 5.81) (1.34 8.22 4.72) (2.19 4.04 7.46) (7.22 6.49 6.85) (4.06 6.41 1.19) (0.38 3.48 3.44) (5.49 0.86 7.76) (7.12 4.88 4.93) (8.68 7.76 1.02) (8.43 9.4 4.96) (6.63 8.02 6.94) (5.58 9.77 9.59) (1.79 9.36 1.88) (4.77 0.43 3.26) (3.7 3.92 2.63) (1.79 5.88 1.48) (4.76 2.58 1.07) (5.19 4.42 7.9) (0.96 9.58 8.46) (4.08 4.19 5.74) (0.71 6.61 6.38) (6.95 9.63 9.62) (3.56 4.78 6.86) (0.4 2.97 6.59) (3.86 9.56 5.43) (5.25 8.81 8.61) (1.49 8.64 6.07) (2.15 7.88 6.49) (8.66 1.64 3.08) (3.49 1.58 5.66) (7.61 8.48 4.98) (9.43 4.88 7.85)
char 84 (j f j) (e o n) (s l o) (b j g) (b g i) (r h t) (p r b) (e g l) (c e d) (t a a) (e o t) (s r i) (m j n) (o n m) (s b r) (i g j) (r j g) (d i d) (d p c) (k d f) (m m k) (f c j) (j q t) (s k o) (l r t) (o j d) (o m o) (s q d) (d f b) (g e j) (j n g) (m g o) (c c s) (c a m) (q k n) (j f m) (c h f) (r p n) (f s k) (h e c) (d p e) (i i a) (k a g) (l h r) (d i h) (b b k) (f b a) (c k q) (g r h) (a i p) (s r h) (m j m) (p f f) (q m j) (e h d) (j q m) (k a r) (d d f) (f f r) (h q a) (r r a) (g c k) (c l j) (k f e) (p h i) (q t e) (s k r) (f o r) (h c f) (f h c) (p j c) (n o d) (e e a) (b d k) (p h n) (h c e) (t d c) (s o t) (m q p) (n a q) (b t l) (l m k) (k n i) (e d f)
int 84 (59 54 27) (69 34 68) (84 30 51) (39 5 92) (90 88 90) (28 44 46) (95 48 23) (91 55 35) (80 72 26) (60 34 40) (71 14 8) (77 17 20) (15 5 80) (34 25 52) (63 89 50) (72 48 91) (34 23 76) (13 96 16) (77 95 56) (54 15 87) (65 31 94) (33 4 55) (62 72 65) (52 68 70) (25 20 75) (43 20 44) (83 25 23) (38 64 66) (9 61 93) (35 96 22) (22 22 62) (19 42 67) (42 55 89) (53 79 36) (76 39 89) (38 87 83) (48 80 92) (64 94 74) (28 51 85) (89 15 66) (50 38 32) (78 36 78) (85 96 74) (89 55 14) (33 68 48) (54 37 46) (27 85 54) (9 25 91) (40 15 25) (79 54 82) (16 70 15) (96 77 17) (56 41 60) (15 74 84) (70 28 38) (48 90 57) (9 89 79) (78 91 83) (48 41 61) (54 91 94) (30 26 48) (20 17 29) (73 5 75) (34 78 70) (99 93 59) (8 46 65) (12 80 82) (40 70 58) (86 70 70) (70 41 25) (41 34 92) (16 15 43) (96 15 43) (93 31 78) (72 89 1) (82 14 46) (78 13 34) (11 92 17) (60 85 51) (2 9 75) (71 68 89) (60 9 33) (19 23 39) (53 27 13)
int 84 (61 11 27) (96 42 69) (67 16 99) (56 41 92) (71 69 50) (18 81 94) (12 89 18) (53 55 40) (13 5 69) (59 10 16) (72 93 75) (34 95 86) (98 60 88) (97 43 34) (33 60 73) (9 88 59) (90 28 44) (83 58 56) (37 34 72) (63 3 8) (17 66 39) (5 37 21) (90 44 97) (53 84 13) (3 95 19) (9 90 21) (92 79 53) (59 9 13) (63 26 73) (53 93 95) (42 1 97) (8 72 72) (70 67 31) (95 39 21) (23 32 66) (61 13 93) (7 89 58) (84 4 1) (74 55 10) (56 39 95) (56 18 69) (92 92 86) (57 51 34) (83 50 37) (35 6 25) (48 90 62) (77 68 40) (16 45 88) (99 93 40) (6 87 90) (33 94 97) (75 21 37) (3 56 85) (29 51 58) (2 39 17) (82 71 30) (70 9 66) (42 93 99) (52 16 89) (47 60 93) (93 4 84) (67 55 46) (14 13 88) (83 80 95) (33 43 63) (62 19 16) (11 24 54) (70 47 25) (63 93 37) (12 48 58) (81 11 29) (6 11 5) (73 78 12) (17 22 40) (4 60 58) (73 26 3) (11 58 81) (78 80 32) (41 11 65) (61 74 20) (73 10 48) (44 12 29) (20 70 57) (94 33 16)
bool 85 (0 1 0) (1 0 0) (0 0 0) (0 1 0) (1 0 1) (0 0 0) (0 1 0) (0 1 1) (0 0 0) (1 1 1) (1 0 1) (0 1 0) (1 0 1) (0 1 0) (0 1 0) (0 1 1) (1 1 0) (0 0 0) (0 0 1) (1 1 0) (1 1 1) (1 0 0) (0 0 1) (0 0 0) (1 1 0) (0 0 0) (1 1 1) (0 1 1) (0 0 0) (1 0 0) (0 0 0) (0 1 0) (0 1 1) (0 1 0) (1 0 1) (1 0 0) (0 1 1) (1 0 0) (0 1 1) (0 0 0) (1 0 0) (0 1 1) (0 0 0) (0 1 1) (0 1 0) (1 1 0) (1 1 0) (0 1 0) (1 0 1) (1 0 1) (1 0 1) (0 0 1) (1 0 0) (1 1 1) (1 1 1) (1 0 0) (1 1 0) (1 0 0) (1 0 0) (0 0 0) (1 0 0) (0 1 0) (1 1 0) (0 0 1) (0 0 0) (1 1 0) (0 1 0) (1 0 0) (1 1 1) (1 1 1) (1 1 1) (1 0 1) (0 0 0) (1 1 0) (0 1 0) (1 0 1) (0 1 1) (0 1 0) (0 1 1) (1 0 0) (0 0 0) (1 1 1) (1 1 1) (1 0 1) (1 1 0)
bool 85 (1 1 0) (1 0 0) (0 0 0) (1 0 1) (1 1 0) (0 1 1) (1 1 1) (0 0 1) (0 0 1) (0 0 1) (0 1 0) (0 0 0) (0 0 1) (1 0 1) (0 0 1) (1 0 1) (0 0 1) (0 0 0) (0 1 1) (1 1 1) (1 0 0) (0 1 1) (1 0 0) (1 1 1) (1 0 0) (0 0 1) (0 1 1) (0 0 0) (0 0 1) (0 0 0) (0 0 0) (0 1 1) (1 0 0) (1 0 0) (0 1 1) (1 1 0) (1 1 1) (0 1 0) (1 0 0) (1 0 1) (0 1 0) (1 0 1) (0 0 0) (0 0 0) (0 1 0) (0 0 1) (1 1 1) (1 1 1) (1 0 1) (0 0 1) (1 1 0) (1 1 1) (1 1 0) (1 1 0) (1 0 0) (1 0 1) (0 1 1) (0 1 0) (1 0 1) (0 0 1) (1 0 1) (0 1 0) (1 0 1) (1 1 1) (1 0 1) (1 1 1) (0 0 1) (1 0 1) (1 0 1) (1 1 1) (1 1 0) (0 1 0) (1 1 1) (0 1 0) (1 1 0) (1 0 0) (1 0 0) (0 0 0) (0 0 0) (0 1 1) (1 0 0) (0 0 0) (0 1 1) (1 0 0) (0 1 1)
char 88 (n t c) (e q s) (q i l) (e s j) (e a p) (a s c) (l r c) (o q n) (f k b) (c a m) (d o b) (h r t) (q r i) (l j j) (i p c) (h s e) (s d c) (t f b) (k n e) (g i g) (r g l) (p b b) (b m i) (e b h) (f s h) (h p r) (f g t) (h s i) (a f j) (e k b) (b m s) (f b p) (k f i) (f b i) (j b b) (h e q) (s s t) (o e c) (l m j) (l s o) (n n g) (t c l) (f k o) (l t l) (c m l) (k h m) (d i h) (o e t) (k b a) (s i h) (l b t) (f l q) (e b p) (d o l) (o n o) (o b o) (l q m) (k e h) (o f r) (j a j) (h n l) (f s g) (k e p) (e l j) (b h a) (p e c) (q t e) (d e b) (c i p) (a c d) (i g d) (f i b) (o l q) (o n s) (h m b) (c d d) (b l o) (o i p) (i q d) (p i n) (e r a) (j j m) (h o p) (q t i) (g g c) (i t k) (f s j) (c h m)
int 88 (41 4 81) (72 65 34) (64 95 31) (21 65 78) (93 58 33) (47 1 42) (30 99 90) (16 4 11) (4 33 68) (12 51 56) (50 76 54) (75 35 40) (24 99 57) (72 83 49) (37 92 69) (60 89 58) (79 40 68) (82 79 57) (10 1 37) (98 4 60) (78 72 19) (56 95 55) (21 83 3) (11 26 80) (81 37 89) (82 61 16) (54 69 58) (3 21 52) (39 66 13) (59 35 61) (24 82 60) (82 20 76) (69 24 1) (24 90 83) (86 86 11) (87 8 68) (63 60 95) (74 21 35) (76 60 32) (36 55 58) (90 47 29) (88 95 23) (38 46 88) (71 34 31) (68 99 58) (26 39 39) (39 4 47) (17 57 64) (97 56 77) (34 67 79) (84 50 12) (94 44 56) (15 19 74) (13 35 47) (41 17 49) (26 87 32) (35 89 96) (84 25 93) (77 52 91) (78 95 71) (84 94 52) (16 47 63) (12 92 59) (67 13 70) (17 9 19) (91 39 91) (54 73 99) (22 8 99) (32 93 54) (47 16 57) (7 18 70) (74 85 6) (54 5 47) (19 77 45) (18 85 7) (92 60 66) (16 58 46) (84 66 25) (61 51 54) (78 28 36) (99 84 50) (58 49 31) (17 48 7) (98 51 27) (23 93 70) (92 71 84) (76 57 27) (32 77 36)
int 88 (94 68 81) (75 40 93) (43 61 47) (26 62 72) (88 75 35) (55 28 19) (47 92 3) (40 93 96) (8 94 76) (44 63 68) (3 51 63) (74 70 67) (16 67 12) (8 73 54) (73 78 73) (41 78 44) (26 51 72) (40 9 73) (53 61 46) (14 20 15) (59 34 24) (27 15 48) (65 68 28) (11 65 94) (11 22 83) (92 55 10) (15 53 50) (91 78 73) (56 42 42) (97 3 50) (84 25 86) (10 42 24) (68 50 9) (15 20 96) (67 59 69) (24 66 10) (4 32 39) (82 19 89) (32 37 77) (18 92 82) (40 97 2) (58 89 19) (50 73 45) (44 55 99) (1 95 70) (74 55 14) (80 54 82) (75 28 74) (47 29 66) (47 22 19) (77 89 40) (50 31 54) (78 4 67) (85 49 26) (44 3 11) (24 56 90) (36 69 61) (20 55 28) (82 25 91) (43 12 99) (90 60 70) (91 98 71) (64 28 37) (57 16 68) (79 69 44) (5 56 77) (50 65 69) (44 88 71) (14 42 10) (19 90 16) (19 88 66) (11 43 33) (13 1 82) (82 82 61) (10 61 40) (21 35 99) (73 52 3) (58 48 11) (2 59 68) (97 80 93) (5 67 52) (62 99 6) (18 68 87) (22 57 26) (56 98 36) (26 11 91) (92 52 22) (30 18 27)
int 90 (54 12 85) (57 82 71) (25 31 32) (30 59 41) (99 64 55) (67 72 58) (29 79 28) (3 12 30) (67 14 16) (10 93 10) (98 66 53) (96 69 90) (63 46 38) (78 39 55) (44 83 78) (19 64 71) (24 27 31) (69 60 32) (70 28 77) (44 74 50) (27 73 55) (78 79 35) (40 88 72) (62 29 95) (38 17 75) (58 33 70) (46 15 42) (84 76 72) (91 29 9) (15 45 66) (46 85 12) (42 19 77) (54 39 62) (69 23 54) (11 83 50) (96 60 69) (39 57 66) (74 41 61) (61 38 39) (58 55 89) (34 84 96) (98 65 57) (12 1 85) (82 68 39) (60 98 2) (62 82 63) (29 8 61) (68 21 34) (35 18 6) (37 83 25) (80 69 26) (31 96 71) (76 74 89) (46 99 42) (52 72 33) (35 69 10) (91 12 5) (41 39 51) (7 78 35) (90 67 31) (82 96 46) (34 83 52) (53 44 45) (57 36 33) (34 87 74) (93 40 26) (79 93 81) (64 21 51) (39 90 19) (46 80 74) (14 61 65) (60 77 26) (83 47 90) (32 80 58) (33 24 49) (64 81 90) (80 17 39) (50 33 25) (98 17 82) (86 97 52) (84 44 34) (36 67 47) (24 43 35) (44 45 11) (1 22 6) (51 7 96) (51 84 9) (52 51 54) (97 63 19) (57 27 96)
bool 90 (1 1 1) (0 0 0) (0 1 0) (1 0 1) (0 0 1) (0 1 0) (1 1 1) (0 1 1) (1 0 0) (1 0 0) (0 0 1) (0 0 1) (0 1 0) (1 0 0) (1 0 1) (0 1 1) (0 1 1) (0 1 1) (0 1 0) (1 0 0) (0 0 1) (1 1 0) (0 1 1) (1 1 1) (1 0 1) (1 1 1) (0 1 0) (0 1 1) (0 1 0) (0 1 0) (1 0 0) (0 1 1) (0 0 1) (0 1 1) (0 1 0) (0 1 0) (1 1 0) (1 1 1) (1 1 0) (1 0 1) (1 1 1) (0 1 0) (1 0 1) (1 1 0) (1 0 0) (1 1 0) (0 0 1) (0 1 1) (1 0 1) (0 1 0) (0 0 1) (1 1 0) (1 0 1) (0 1 0) (1 0 1) (1 1 0) (0 1 0) (0 0 0) (1 0 1) (1 0 0) (0 1 0) (0 1 1) (0 0 0) (1 1 0) (0 1 1) (1 1 0) (1 0 1) (1 0 0) (0 1 1) (0 0 0) (1 0 1) (0 1 1) (1 1 0) (0 0 0) (0 1 0) (0 0 0) (0 1 0) (0 0 1) (1 0 1) (0 0 1) (0 0 0) (0 1 1) (1 1 0) (1 1 1) (0 1 0) (0 0 0) (0 0 1) (0 0 1) (1 0 1) (0 0 1)
double 92 (1.87 5.41 1.95) (2.8 3.13 0.7) (4.74 2.31 4) (2.94 0.39 2.99) (5.05 1.98 1.52) (4.54 6.55 7.55) (1.4 3.17 6.45) (3.02 6.94 0.13) (1.75 2.72 9.62) (1.37 5.57 4.41) (0.75 4.02 8.97) (9.61 8.81 5.9) (2.32 8.25 5.36) (8.31 5.44 9.6) (3.48 0.3 1.63) (6.43 5.31 7.09) (5.85 4.34 3.87) (9.63 5.13 2.68) (4.73 1.61 9.48) (2.26 5.42 7.66) (9.75 0.13 4.57) (5.44 2.39 3.93) (6.33 2.04 4.1) (5.87 1.59 6.46) (1.68 7.1 7.95) (7.48 6.48 7.54) (0.56 3.98 4.01) (2.75 4.08 0.19) (2.89 0.85 3.82) (5.77 4.23 3.48) (3.15 0.98 3) (2.59 7.76 2.33) (4.77 9.06 6.06) (2.74 0.66 7.06) (6.23 4.76 0.27) (0.49 9.12 3.93) (7.22 7.74 8.81) (1.3 1.2 7.79) (3.39 9.27 7.64) (6.36 5.91 2.25) (1.09 8.13 0.85) (4.83 9.98 3.34) (4.41 0.6 5.32) (4.13 2.22 6.83) (2.07 4.79 4.95) (2.39 8.28 0.96) (2.31 1.81 0.55) (1.29 8.76 8.59) (0.47 5.18 8.27) (9.88 0.16 1.32) (4.72 6.18 1.36) (6.81 4.72 9.11) (2.05 8.56 0.1) (2.85 9.28 5.38) (7.6 0.22 7.62) (2.63 3.88 3.87) (9.26 5.04 0.33) (7.05 4.65 1.56) (1.04 5.38 4.94) (5.87 0.22 3.38) (8.78 4.11 6.63) (5.99 8.21 6.33) (9.89 5.51 4.8) (6.73 1.43 2.94) (0.58 5.8 9.12) (7.26 4.77 6.33) (9.55 5.1 9.79) (0.72 7.65 7.5) (2.37 8.32 3.9) (0.47 2.7 3.07) (8.42 4.22 5.49) (1.62 0.71 9.97) (5.95 3.02 9.51) (5.79 2.58 4.68) (8.23 8.53 3.82) (4.35 9.52 2.9) (4.32 1.47 0.23) (6.85 0.99 1.03) (4.04 4.38 1.83) (2.4 5.92 6.85) (3.09 3.71 4.48) (6.23 7.19 6.25) (7.77 1.6 7.64) (8.24 4.55 2) (8.37 1.27 5.88) (3.7 1.3 5.39) (3.77 5.36 4.03) (5.33 6.52 9.85) (0.55 1.56 9.38) (6.37 5.11 9.67) (3.28 2.54 2.78) (8.52 6.98 2.36)
double 92 (7.08 9.47 9.78) (6.51 1.95 5.44) (7.64 2.91 0.79) (2.89 6.26 6.89) (8.25 5.9 4.59) (6.53 7.16 2.3) (1.5 1.31 4.6) (2.45 1.04 6.58) (0.57 4.91 3.27) (4.76 1.93 7.86) (3.77 1.03 8.62) (4.78 4.05 1.9) (3.99 3.7 2.15) (6.7 5.7 0.28) (5.08 6.99 1.2) (1.56 9.21 0.05) (9.65 7.65 1.34) (5.51 6.61 5.87) (7 8.52 6.75) (8.69 8.03 1.59) (7.87 4.87 6.79) (8.39 1.48 5.83) (4.37 0.71 0.33) (6.6 4.97 7.1) (5.26 0.89 2.33) (1.01 2.85 7.26) (7.65 7.28 3.59) (7.45 3.77 5.76) (4.75 6.55 3.17) (7.14 5.45 2.23) (4.08 8.82 5.12) (8.21 4.03 9.52) (9.56 8.14 5.89) (2.5 0.82 4.23) (6.21 6.1 3.92) (3.49 1.5 3.71) (0.81 9.18 6.62) (3.24 1.61 5.93) (8.04 4.59 5.22) (8.98 1.16 6.08) (5.02 8.5 7.17) (5.45 6.57 1.67) (0.26 9.14 2.43) (3.96 0.28 5.18) (1.66 6.56 4.64) (5.15 8.71 0.88) (3.88 4.91 2.51) (0.45 2.53 2.49) (5.22 7.1 0.51) (9.99 4.79 5.95) (5.53 3.58 3.68) (5.42 2.2 6.07) (8.82 0.52 0.74) (7.7 1.14 4.83) (0.39 2.89 4.03) (2.82 7.92 0.22) (9.47 7.39 0.18) (7.2 5.76 7.66) (6.57 0.41 9.41) (7.93 1.61 1.29) (8.57 5.76 9.94) (9.51 7.15 0.04) (4.7 3.17 5.07) (3.37 8.96 2.35) (3.94 4.01 2.79) (9.72 5.47 6.76) (5.1 1.23 1.78) (7.14 5.84 1.98) (3.66 3.47 7.83) (8.92 0.61 5.33) (9.59 6.42 7.76) (4.4 2.25 5.08) (9.27 4.01 6.52) (0.57 5.41 8.26) (5.51 3.25 5.26) (1.25 2.65 9.56) (4.51 2.07 7.51) (1.49 8.05 4.5) (4.32 5.57 4.96) (2.23 4.72 0.71) (3.91 5.13 0.42) (8.87 8.72 7.36) (6.87 7.95 8.93) (4.03 9.32 0.48) (7.34 4.96 3.66) (8.01 8.97 7.55) (3.33 5.01 6.62) (9.19 2.6 0.29) (6.81 4.49 3.3) (1.3 0.67 8.93) (4.11 8.85 2.76) (7.97 5.37 3.62)
bool 94 (0 0 1) (0 0 1) (0 0 0) (1 0 1) (0 1 0) (0 1 0) (1 1 1) (1 0 1) (0 0 0) (1 0 1) (0 0 1) (1 0 0) (1 0 0) (1 0 1) (0 1 0) (1 0 1) (1 1 0) (0 1 0) (1 0 1) (0 0 0) (0 0 1) (1 0 0) (1 0 0) (0 0 1) (0 0 1) (1 0 0) (0 1 1) (1 0 0) (1 1 1) (0 1 1) (1 0 0) (1 0 1) (1 0 1) (0 1 0) (1 0 0) (1 0 0) (1 0 1) (0 1 0) (1 0 1) (1 1 0) (1 1 1) (1 1 0) (0 1 0) (1 0 1) (0 0 1) (1 0 0) (1 1 0) (0 1 1) (1 0 0) (0 0 0) (1 0 1) (0 0 1) (0 1 0) (1 1 0) (1 0 0) (1 0 1) (1 1 1) (0 0 1) (0 1 1) (1 1 1) (0 1 0) (0 1 1) (1 1 0) (0 0 0) (0 1 1) (0 0 1) (0 1 0) (1 1 1) (1 0 0) (0 1 0) (1 0 0) (0 1 0) (1 0 0) (0 1 0) (0 0 0) (1 0 0) (1 0 0) (1 0 0) (0 1 0) (0 1 1) (0 0 0) (1 1 1) (1 0 1) (0 1 0) (0 0 0) (1 1 1) (1 0 0) (0 0 1) (0 1 0) (1 0 0) (0 0 1) (0 1 1) (1 1 0) (1 0 1)
double 95 (4.29 6.19 6.57) (6.11 6.51 4.96) (1.57 7.59 5.13) (2.41 1.43 0.14) (5.62 3.6 4.88) (3.19 9.86 9.73) (3.13 3.84 2.17) (2.52 5.19 4.07) (2.83 0.7 9.32) (1.66 2.82 6.25) (9.65 6.16 4.05) (9.25 8.29 4.23) (2.73 2.4 1.87) (5.63 3.11 6.16) (1.47 7.72 1.56) (9.23 5.86 0.48) (6.81 0.97 6.67) (3.12 4.5 5.41) (1.3 3.06 0.32) (4.77 7.23 4.73) (6.22 3.78 3.95) (3.31 2.38 1.3) (3.85 7.37 9.22) (1.45 6.31 8.43) (3.37 0.88 4.21) (9.88 2.73 4.13) (8.76 7.8 0.57) (4.28 8.13 4.68) (8.57 9.54 7.3) (9.95 2.82 0.64) (1.16 1.87 8.21) (4.28 5.81 2.68) (1.67 2.02 1.72) (4.38 3.75 6.97) (2.69 8.53 3.38) (3.34 1.41 4.51) (3.14 9.38 2.58) (2.96 1.31 7.29) (6.92 3.22 4.35) (0.49 0.26 4.38) (6.62 6.75 7.5) (2.39 9.57 9.08) (5.08 6.77 6.67) (4.98 0.5 1.38) (6.48 3.79 3.4) (7.34 1.25 1.03) (1.14 2.19 9.12) (2.82 5.65 9.51) (3.43 1.4 6.79) (6.54 6.93 1.36) (0.99 5.93 2.82) (5.79 2.8 4.51) (3.43 7.79 3.39) (2.79 0.73 2.76) (5.29 4.39 7.89) (1.65 7.42 8.83) (1.92 5.06 2.85) (1.8 7.91 5.78) (3.43 9.53 5.56) (6.72 9.41 0.22) (7.06 6.57 7.66) (6.03 7.42 2.39) (6.82 7.64 7.11) (5.87 7.12 0.02) (2.23 0.88 8.56) (1.08 2.97 5.61) (2 4.37 5.46) (6.43 8.74 6.37) (6.96 1.73 2) (7.53 1.81 9.42) (0.34 1.55 3.78) (5.73 3.88 6.21) (7.99 2.4 6.49) (3.54 8.1 4.81) (2.1 4.43 9.91) (0.1 6.29 9.18) (0.69 8.87 4.78) (1.63 5.79 6.98) (5.5 1.58 1.17) (5.07 7.17 6.45) (2.3 1.43 3.29) (4.98 1.19 2.03) (9.51 9.43 1.68) (9.35 2.89 6.74) (4.69 3.34 4.72) (3.55 2.88 5.55) (9.18 9.4 3.25) (4.71 9.98 0.97) (4.98 4.74 3.67) (2.83 8.91 9.75) (4.24 6.04 2.83) (1.05 6.64 8.11) (8.43 5.67 5.71) (6.11 4.74 8.41) (5.08 3.56 4.59)
double 96 (8.76 1 3.48) (9.48 3.19 1.15) (0.05 9.82 7.86) (7.92 6.92 9.45) (3.78 6.66 2.66) (3.58 0.12 4.58) (2.19 4.53 3.39) (7.2 8.84 1.93) (5.36 0.75 3.93) (6.11 1.43 2.54) (2.86 5.53 3.16) (9.57 7.54 3.53) (1.89 2.37 5.6) (2.93 0.23 2.33) (2.39 8.6 8.74) (8.81 0.46 4.84) (5.8 3.54 5.32) (2.77 8.83 0.47) (3.82 2.77 9.77) (2.16 0.02 8.7) (9.16 6.52 0.95) (2.31 9.14 7.02) (8.2 6.4 2.62) (6.21 8.5 4.82) (5.15 8.5 9.64) (3.93 0.35 5.4) (8.96 9.69 8.2) (9.88 3.5 5.76) (8.54 6.07 3.47) (3 8.55 1.73) (4.48 6.78 7.87) (4.88 4.53 8.91) (9.97 2.49 3.93) (0.86 7.59 8.96) (9.04 0.44 7.71) (4.15 1.94 5.85) (2 9.08 8.25) (9.84 7.78 0.33) (5.04 6.52 7.79) (2.68 5.69 0.69) (0.63 8.15 5.3) (1.39 3.81 0.68) (3.62 4.52 5) (9.87 9.33 8.89) (1.11 1.37 6.79) (2.27 1.61 5.86) (6.07 5.42 2.72) (3.16 3.33 6.79) (8.25 4.3 2.97) (3.73 0.71 7.89) (9.12 1.47 8.83) (7.93 3.03 8.22) (8.96 8.91 9.35) (6.47 2.33 6.95) (7.06 0.8 7.52) (8.89 2.07 4.95) (7.52 0.03 5.27) (9.27 8.27 7.87) (7.87 0.85 5.11) (6.84 3.72 7.78) (6.55 1.23 2.44) (9.89 9.34 0.32) (5.81 0.71 4.39) (0.84 2.41 2.71) (5.06 0.48 6.33) (6.42 6.95 2.85) (0.39 6.51 4.55) (3.88 6.99 3.54) (3.77 7.65 3.35) (0.55 0.25 4.11) (4.3 8.69 4.14) (8.47 5.9 7.79) (0.42 5.78 7.53) (4.03 2.05 4.91) (2.06 6.57 5.79) (3.04 8.07 6.39) (3.1 5.3 9.61) (1.8 8.56 9.63) (1.94 0.48 7.89) (4.94 3.96 8.25) (0.69 2.88 7.12) (2.76 7.8 1.05) (1.51 6.55 6.7) (7.79 4.83 0.63) (5.31 3.25 6.06) (5.12 1.74 1.99) (6.18 5.22 1.45) (5.85 6.69 6.83) (1.12 6.97 3.99) (3.28 9.54 8.5) (7.11 2.49 0.66) (1.41 6.73 8.43) (3.05 0.13 7.77) (0.27 8.34 0.78) (4.24 7.5 4.62) (4.82 6.92 2.4)
double 97 (7.75 4.04 0.9) (2.57 6.15 3.22) (9.19 2.48 7.55) (4.37 4.74 2.77) (3.62 6.65 3.34) (2.62 4.12 6.46) (5.62 5.03 3.7) (1.91 1.87 8.04) (4.2 2.66 1.97) (3.38 2.33 6.18) (3.31 2.27 6.97) (8.57 8.85 5.79) (2.2 3.78 6.55) (8.94 2.01 1.39) (7.45 2.22 0.3) (2.85 7.53 9.96) (8.12 6.43 6.07) (6.66 8.66 0.04) (0.22 4.03 2.36) (3.58 8.62 9.59) (5.93 8.55 4.43) (3.07 1.68 2.6) (9.48 3.25 4.65) (7.82 4.82 6.15) (3.89 1.28 1.84) (3.02 7.38 1.83) (2.22 0.67 4.54) (8.63 6.72 2.23) (0.49 5.26 7.84) (7.64 4.26 2.48) (1.38 9.43 4.5) (5.06 5.87 0.35) (2.21 8.88 9.83) (2.84 5.89 1.72) (5.42 9.07 5.83) (1.41 1.81 1.01) (7.24 8.48 9.44) (4.18 5.3 3.72) (9.77 2.62 3.95) (6.11 0.12 8.94) (9.83 2.2 2.55) (7.67 5.08 2.45) (1.63 2.68 7.84) (6.81 6.41 8.79) (2.48 9.65 9.89) (5.16 4.64 5.3) (8.32 0.95 4.75) (2.05 2.76 1.46) (8.43 3.51 3.17) (3.48 4.18 7.94) (7.1 5.36 8.92) (2.42 6.52 4.46) (5.55 5.05 0.89) (0.07 2.37 6.57) (1.04 8.02 3.75) (7.95 7.29 0.2) (0.54 5.08 3.04) (7.06 3.24 7.2) (9.6 8.32 3.67) (2.61 3.33 6.31) (2.25 5.79 7.98) (2.29 8.5 5.2) (3.91 6.88 1.5) (1.88 7.23 1.17) (6.51 8.93 5.97) (3.62 7.41 4.54) (5.14 8.46 6.13) (5.32 7.95 2.66) (5.7 2.66 8.36) (9.73 9.68 1.63) (7.67 5.86 3.41) (5.92 1.45 7.97) (8.88 1.4 2.37) (5.3 4.67 0.21) (3.87 1.25 7.74) (8.56 1.04 4.71) (8.86 3.89 6.16) (9.12 9.74 2.86) (1.89 1.76 1.08) (1.93 1.84 6.25) (0.16 3.98 7.16) (4.17 5.88 1.34) (3.87 5.51 5.57) (5.23 3 8.4) (5.72 1.2 6.09) (3.35 0.49 0.66) (0.73 1.81 4.59) (8.29 0.03 3.96) (4.92 2.83 6.51) (3.48 4.81 0.17) (9.2 0.53 8.18) (0.87 3.68 3.35) (8.2 5.85 0.76) (9.28 5.88 7.78) (7.42 8.4 0.1) (4.45 5.49 2.46) (9.25 1.5 0.37)
bool 98 (0 1 0) (0 1 0) (0 1 0) (1 0 1) (0 1 0) (0 1 0) (1 1 1) (0 0 1) (1 1 0) (1 0 0) (1 0 0) (1 1 1) (0 0 0) (1 0 0) (0 1 1) (1 1 0) (0 1 0) (1 1 1) (1 1 0) (0 0 1) (1 1 0) (0 0 0) (0 1 1) (0 1 1) (0 0 0) (0 0 1) (0 1 1) (1 0 0) (1 1 0) (1 0 1) (0 1 0) (1 0 0) (1 0 0) (1 1 1) (1 1 1) (0 1 1) (0 1 0) (0 0 1) (0 1 1) (1 1 0) (1 0 1) (1 0 1) (1 0 0) (1 1 0) (0 0 1) (0 1 1) (0 0 1) (0 1 0) (0 1 0) (0 1 1) (1 0 0) (0 1 0) (0 0 0) (0 1 0) (0 0 0) (0 0 0) (1 0 1) (0 1 1) (0 1 1) (0 1 0) (0 1 0) (0 1 0) (1 0 1) (0 0 0) (0 0 0) (1 1 1) (1 0 1) (0 1 0) (0 0 0) (1 1 1) (0 1 1) (1 1 1) (1 0 1) (0 1 1) (0 1 1) (0 0 0) (0 1 0) (0 1 0) (1 0 0) (0 1 1) (1 1 0) (0 1 0) (1 1 0) (1 0 0) (1 1 1) (1 0 1) (1 1 1) (0 1 1) (1 0 0) (1 0 0) (0 1 0) (0 0 1) (1 0 1) (1 0 1) (1 1 0) (0 1 1) (1 0 1) (1 0 0)
double 98 (9.5 8.06 5.49) (3.24 0.42 0.57) (8.43 6.25 2.46) (2.55 9.7 9.19) (9.1 6.04 9.23) (5.6 7.31 6.14) (9.22 8.49 2.76) (8.56 5.8 4.15) (0.29 5.12 7.85) (7.79 2.91 2.96) (8.71 1.19 8.21) (4.08 2.92 3.97) (9.29 2.79 9.01) (2.38 6.35 7.8) (2.69 7.18 7.55) (0.51 4.97 4.64) (2.58 7.95 2.89) (8.64 8.95 5.66) (5.53 5.57 4.18) (3.89 6.07 1.87) (9.5 6.14 9.53) (5.42 0.46 1.04) (1.09 4.84 3.21) (0.59 2.01 4.11) (3.43 9.68 9.33) (3 5.78 2.04) (4.47 3.81 2.91) (5.94 5.62 7.45) (9.16 8.51 3.29) (5.91 5.37 5.62) (7.8 6.9 3.23) (7.45 3.7 3.01) (6.83 6.78 5.62) (1.33 1.77 8.28) (4.55 3.56 2.09) (0.4 2.9 3.62) (3.81 5.04 3.84) (5.55 5.43 1.92) (7.06 5.32 9.67) (5.4 2.4 1.41) (3.48 4.41 4.36) (3.27 1.88 5.53) (9.65 6.91 5.25) (5.79 2.52 2.55) (7.42 1.53 3.56) (8.35 1.77 1.87) (6.22 9.47 3.88) (3.54 3.61 3.74) (9.5 6.41 0.2) (9.49 6.13 4.72) (6.96 4.84 5.32) (9.17 2.59 1.99) (3.62 6.51 5.62) (2.28 8.07 4.21) (9.03 5.87 5.42) (9.05 4.31 1.38) (6.62 6.48 2.39) (8.01 5.44 0.58) (6.54 7.49 7.29) (6.07 8.9 2.34) (4 0.23 9.69) (9.09 2.9 7.99) (1.11 4.33 4.46) (9.85 8.66 8.21) (8.61 1.16 5.29) (0.93 6.78 3.93) (3.96 0.4 6.22) (9.7 1.89 3.53) (8.74 8.34 1.37) (1.07 9.05 7.66) (9.27 2.6 1.1) (2.84 1.63 3.06) (1.45 1.33 5.13) (4.59 3.73 6.56) (4.69 5.41 2.41) (6.95 1.64 7.38) (2.7 7.35 5.13) (2.06 1.08 6.9) (4.25 1.61 0.72) (3.82 8.29 2.19) (6.94 0.06 2.59) (9.47 3.05 0.38) (7.4 5.26 0.48) (9.66 3.52 6.94) (0.69 4.29 1.89) (5.42 6.08 1.86) (4.32 1 8.15) (6.69 9.68 6.68) (5.19 0.62 0.95) (5.75 1.71 5.74) (6.49 5.95 9.17) (0.29 8.43 3.53) (7.55 5.85 2.98) (1.78 9.4 1.11) (5.29 0.57 8.62) (0.73 3.22 7.32) (0.5 1.46 6.76) (8.12 4.31 3.08)
bool 100 (1 1 0) (1 0 1) (0 1 1) (1 1 0) (1 0 0) (1 0 0) (0 1 1) (1 0 0) (1 1 0) (1 1 0) (1 1 1) (1 1 1) (0 1 1) (1 1 1) (0 0 0) (1 1 1) (1 0 0) (1 1 0) (1 1 1) (0 1 1) (1 0 0) (0 1 1) (0 1 1) (0 0 0) (1 1 1) (1 1 0) (0 0 0) (1 0 1) (1 1 0) (1 0 1) (0 1 0) (1 0 1) (1 1 1) (1 0 0) (1 1 0) (0 1 0) (1 0 1) (0 1 1) (1 0 1) (1 1 0) (1 1 0) (0 0 0) (1 1 0) (0 1 1) (0 1 1) (1 0 0) (0 0 0) (1 0 0) (0 0 1) (1 1 0) (0 0 1) (0 0 0) (1 0 1) (0 0 1) (0 1 1) (0 1 1) (1 1 1) (0 0 1) (0 0 0) (0 0 1) (0 0 0) (0 0 0) (1 0 1) (1 0 1) (0 1 1) (1 0 0) (1 0 1) (0 0 1) (0 0 0) (0 0 0) (1 0 0) (0 0 1) (0 0 1) (0 0 1) (0 1 0) (1 0 1) (0 0 1) (0 1 1) (0 0 1) (0 0 1) (0 0 0) (0 0 1) (0 0 1) (0 1 1) (1 0 0) (0 1 0) (0 0 1) (1 0 1) (0 1 0) (0 0 0) (0 1 0) (1 0 1) (0 0 0) (1 0 1) (1 1 0) (0 0 0) (0 1 1) (0 0 1) (0 0 0) (1 1 0)
char 100 (e l e) (f q s) (g h r) (j q q) (s a c) (g l i) (c m r) (f b o) (m i j) (r h k) (o m j) (j f i) (o b k) (b o o) (f f k) (m n n) (a h g) (o m s) (f t g) (a i e) (r b d) (k d d) (c t n) (m c c) (l o d) (n n s) (n d b) (l n c) (n h p) (t c n) (p d m) (l d p) (l q a) (p b q) (b o n) (o q s) (c d m) (q a t) (e t h) (d c o) (k l q) (n t b) (q e g) (g c p) (s j o) (l i n) (n h e) (r o h) (c q d) (n f f) (d j a) (q n r) (q m n) (d c m) (p a m) (c g s) (h e b) (q f h) (k o f) (m k m) (i t b) (h q q) (q n o) (b m c) (e f j) (o p k) (p n p) (o k a) (p g n) (f h g) (b f c) (i t b) (s k j) (h j h) (a f e) (o j l) (k b c) (c c r) (q h t) (q e j) (k s e) (d p h) (b k g) (f o k) (m h s) (c o q) (h m q) (g m i) (a e l) (q d k) (k q o) (n m h) (g b p) (t h h) (r p f) (h g p) (f f k) (j g k) (d c g) (k h g)
char 100 (d g d) (o k n) (r r b) (i i s) (a b j) (l l b) (q b k) (p a o) (d s g) (o b s) (d c l) (a g k) (h e p) (e j t) (k m l) (r g i) (p p s) (d h p) (h k k) (d s n) (t n r) (s r n) (l r p) (k c t) (d p q) (j e e) (e p o) (l e k) (o e o) (k g p) (h e q) (f o a) (g r r) (e s s) (j k g) (m n k) (h q l) (p g a) (m b r) (i m d) (t t n) (i h p) (i d s) (n r i) (h g b) (c h k) (j b d) (e k i) (g s a) (k g p) (f a g) (g k q) (p a h) (q t b) (q o a) (b g k) (i d h) (t o e) (m o r) (o e p) (o f k) (b i a) (m n i) (q b l) (i b n) (j s e) (q a h) (j n t) (l g a) (m q n) (a n n) (m f e) (i d j) (l k i) (k a a) (e q l) (k b a) (q j t) (g k a) (h m g) (n q t) (l j d) (f b p) (s b s) (q o i) (k r t) (q o g) (e m a) (q a s) (s d t) (b l t) (t i s) (o c q) (k e h) (r c s) (t b f) (k s o) (l l l) (m l h) (j c b)
bool 101 (1 0 1) (1 1 1) (1 0 1) (0 0 1) (0 1 0) (1 1 0) (1 0 0) (1 0 1) (0 0 0) (0 1 1) (0 1 1) (0 1 1) (0 0 1) (0 0 1) (0 0 1) (0 1 1) (0 1 0) (0 0 1) (1 1 1) (0 1 0) (0 0 1) (0 0 1) (1 1 0) (0 1 1) (0 1 0) (1 1 1) (0 0 1) (0 1 1) (1 1 1) (0 0 1) (0 0 0) (0 1 1) (1 0 1) (0 1 0) (1 1 1) (1 0 0) (0 1 1) (1 0 0) (1 1 0) (1 1 0) (1 0 1) (0 1 0) (1 1 0) (0 0 0) (1 0 0) (1 0 1) (1 0 0) (0 1 1) (0 1 0) (1 0 0) (0 1 0) (1 1 0) (1 1 0) (0 0 0) (0 1 1) (1 0 1) (1 0 0) (1 0 1) (1 0 1) (0 1 1) (1 0 0) (1 1 1) (1 0 0) (1 0 0) (1 0 0) (0 0 0) (0 1 0) (1 1 1) (1 1 0) (0 1 1) (0 1 1) (0 0 1) (1 0 0) (0 1 0) (1 1 1) (1 1 1) (0 1 0) (1 1 0) (0 0 0) (1 1 0) (1 0 0) (0 1 1) (0 1 1) (1 0 0) (1 1 0) (0 1 1) (0 0 0) (0 0 1) (0 1 1) (0 0 1) (1 0 1) (0 0 1) (0 1 0) (0 0 1) (1 0 1) (0 1 1) (0 1 0) (1 0 0) (0 1 1) (0 1 1) (0 1 1)
int 101 (96 40 30) (99 3 16) (78 58 52) (10 13 20) (81 29 65) (92 17 29) (86 30 28) (19 25 43) (86 46 60) (57 97 83) (29 55 74) (39 18 73) (41 53 96) (5 53 94) (40 46 94) (16 55 86) (29 58 87) (74 67 43) (35 89 92) (46 66 87) (72 14 11) (83 93 44) (88 71 26) (65 48 48) (89 80 34) (34 38 29) (92 42 64) (25 13 35) (61 35 29) (11 30 22) (84 79 35) (49 5 84) (74 89 53) (94 94 3) (67 27 33) (11 66 72) (54 91 15) (26 65 36) (51 66 90) (71 21 96) (64 61 92) (98 7 11) (26 93 27) (9 89 76) (10 19 77) (31 29 2) (22 58 83) (48 84 54) (18 81 90) (24 6 73) (86 64 18) (77 94 75) (24 8 43) (45 73 46) (84 68 32) (41 41 87) (75 27 26) (22 44 6) (78 12 84) (20 99 92) (63 80 50) (57 65 37) (52 50 51) (28 91 85) (76 60 17) (27 78 89) (62 69 59) (15 31 21) (71 79 87) (68 10 62) (60 37 12) (25 56 74) (8 9 38) (2 91 12) (83 27 11) (57 11 68) (33 18 72) (98 44 8) (40 22 40) (78 80 9) (20 89 21) (96 34 83) (57 34 20) (46 81 82) (25 97 2) (36 8 52) (97 12 67) (1 55 17) (27 6 78) (59 57 36) (9 62 15) (73 96 14) (76 1 25) (44 27 92) (68 96 35) (36 82 6) (90 13 67) (30 19 42) (95 7 36) (26 97 98) (60 28 78)
char 102 (j r n) (r h o) (b p q) (s h q) (c f f) (d d h) (i k o) (h t c) (k i n) (f q h) (p j g) (q b c) (o l h) (q o l) (h q l) (i s m) (b h p) (o r o) (t l b) (d p r) (t o e) (l j p) (t j s) (c n o) (c q k) (m i s) (n g a) (t o h) (c n d) (p r o) (e n b) (l i g) (e k l) (f d l) (d f i) (p o q) (q f t) (p r a) (i j c) (o i t) (e t t) (k q d) (i h k) (j a a) (a l l) (g t q) (c s d) (l n q) (l g q) (t c n) (b l j) (i r r) (d j a) (s h a) (r t j) (j h c) (n l g) (k c s) (o m m) (h q c) (o d d) (p m r) (b l a) (i t t) (p s j) (e l t) (c b f) (k a h) (d n c) (r j h) (e c e) (q c j) (r g t) (a r r) (s n l) (d s b) (m f q) (f i h) (d q f) (n p j) (r k c) (s e j) (m o s) (j e i) (l c m) (r s r) (o i n) (f o l) (h m q) (h l s) (k m b) (r k f) (s i b) (r n s) (p q h) (j h n) (d r h) (f h t) (q f i) (n d d) (t g t) (f c p)
char 104 (b q j) (r l p) (i m h) (q s c) (l h d) (o b k) (b o d) (o l e) (a c s) (l n h) (g e l) (g d c) (n a i) (i d t) (s e j) (k m b) (e b f) (s m o) (c s j) (f e m) (f a m) (h a t) (r i o) (o f o) (o j o) (l m t) (r o r) (p i i) (e m f) (e p a) (q f c) (o l s) (q i n) (d t k) (q m s) (q c c) (i n l) (r d o) (a i j) (g p o) (h e t) (o r j) (d m h) (s o b) (g r r) (i o b) (p g e) (i l f) (t r f) (t q p) (m m i) (n s g) (l s t) (o b e) (l d t) (i f o) (t k s) (d e m) (r j p) (q n l) (d s i) (h n s) (j r e) (f n i) (j o h) (g r g) (b b c) (m b i) (r h k) (m c t) (q e e) (i j a) (f e m) (a h l) (o m n) (j d q) (h e f) (n b b) (c b j) (s k s) (d g r) (h n p) (c k q) (g b o) (e i r) (f s n) (e l q) (k o c) (s q b) (l o i) (p b l) (e p l) (n i k) (g i j) (e r n) (j h f) (t r k) (r m l) (i q q) (i i e) (a s d) (i j g) (n i b) (q t h)
char 105 (o o n) (a a s) (l r l) (q f t) (i a f) (s a o) (f b g) (a c m) (e t e) (r l o) (h q o) (e k m) (q m a) (h p i) (e i l) (k g i) (c q r) (g o p) (e g k) (f t h) (f b d) (b o h) (s h l) (c b c) (e g d) (b q b) (s f o) (n c n) (m b d) (s n m) (l p m) (m t a) (o a f) (m c a) (i j b) (d m a) (o a a) (b g j) (g r m) (j d h) (l o k) (q j r) (k j t) (l m a) (e h a) (r c h) (k m p) (t j e) (b q b) (o q b) (t m r) (n f e) (h t s) (s q l) (e b p) (d a c) (a i o) (f t b) (t k t) (o e g) (q c b) (n r b) (r j d) (c q o) (q b l) (r l l) (n b l) (h r q) (e t t) (m k b) (g c l) (q s j) (s h e) (a d o) (a j m) (e p n) (g o f) (m g c) (h h n) (l g a) (s k n) (a d a) (s o j) (q b a) (g r g) (n m r) (j n k) (d a f) (h a p) (j i j) (l r l) (e j o) (a o s) (c d b) (r q i) (m s m) (s c d) (r e a) (q q p) (j n a) (d a o) (d o r) (h r t) (l d o) (k j n)
bool 105 (1 1 1) (0 1 1) (1 0 0) (1 1 1) (1 0 0) (0 1 1) (0 1 1) (0 1 1) (0 1 1) (0 0 0) (1 1 1) (1 0 0) (1 0 1) (0 1 0) (1 1 0) (0 1 0) (1 1 1) (0 1 1) (1 1 1) (1 1 1) (0 0 0) (1 0 0) (0 1 1) (0 1 1) (0 1 0) (0 1 0) (1 1 0) (0 1 1) (0 1 0) (0 0 0) (1 1 0) (1 1 0) (0 1 0) (0 1 1) (0 0 1) (0 1 0) (0 0 1) (0 0 1) (1 1 0) (1 1 0) (1 0 1) (1 0 0) (1 1 1) (0 0 0) (0 0 0) (1 0 0) (1 1 1) (1 0 1) (0 1 0) (1 0 0) (0 0 1) (0 0 0) (1 1 0) (0 1 1) (1 1 0) (0 0 1) (0 1 0) (0 0 0) (0 1 1) (1 1 1) (1 0 0) (0 0 0) (1 1 0) (0 1 0) (1 1 0) (1 0 1) (1 1 1) (1 1 1) (1 1 0) (1 0 1) (0 0 1) (0 1 1) (0 1 0) (1 0 0) (1 1 1) (1 1 1) (1 0 0) (0 1 0) (0 0 0) (0 0 0) (0 1 1) (0 1 1) (0 0 0) (0 1 1) (0 1 1) (1 1 0) (1 0 0) (1 0 0) (0 0 1) (1 0 1) (0 0 0) (1 1 0) (0 0 0) (0 1 1) (1 1 0) (0 1 0) (1 0 1) (0 0 0) (0 1 1) (1 1 1) (1 0 0) (1 1 0) (1 0 0) (1 0 0) (0 0 0)
char 108 (f o n) (d k j) (p q h) (g m t) (p j n) (b p p) (b t p) (k i p) (d t h) (o t c) (s i n) (i p t) (g p l) (j i f) (t h h) (n n j) (b s d) (g i k) (f d c) (c j r) (h n t) (o b s) (d p i) (s t p) (l q d) (h a t) (s n n) (q b t) (q m s) (f t s) (q b h) (f d i) (l o b) (p j l) (n d k) (g f s) (l c t) (m p b) (o p o) (o f i) (b i q) (e g o) (t i e) (q d c) (n t q) (p k s) (f h h) (l n b) (a j h) (l i g) (g k t) (g t i) (d m r) (c k a) (m h h) (i h l) (l q p) (r p d) (h e c) (t h j) (q j h) (b r d) (i d l) (b r m) (j j p) (h g i) (e l c) (m j c) (m g o) (o h t) (i q i) (n p k) (n n e) (m f i) (i q k) (k b k) (g j d) (e s a) (j p q) (h s o) (m e p) (n a s) (i t e) (c o e) (m d n) (p n f) (o l f) (p j t) (l l r) (c o r) (p c r) (i o i) (l b f) (s i p) (g q r) (a a p) (h e e) (p s s) (q i q) (n n o) (l i h) (n i s) (q o d) (r a c) (i k b) (k p d) (c h s) (j c m)
