52 5 10 4 9 1 3
55 6 6 12 5 11 2 4
52 8 12 16 13 4 10 2 1 9
76 8 9 6 14 10 8 4 7 13
75 9 14 4 3 2 9 12 11 1 6
54 9 9 3 10 16 2 8 7 6 1
56 9 11 16 5 17 18 13 10 15 9
20 10 14 7 5 8 15 11 6 3 13 2
60 12 22 1 13 2 6 12 23 3 19 15 4 9
28 13 12 22 11 14 13 3 1 8 19 25 24 9 18
61 13 15 24 10 9 3 4 11 19 20 12 5 14 23
75 13 9 25 10 12 4 19 11 7 26 14 6 17 24
105 14 11 16 14 24 10 27 1 20 7 2 28 19 8 12
44 14 27 26 21 14 12 11 7 18 5 4 8 13 15 9
105 16 12 23 4 7 11 3 28 2 10 16 20 15 18 24 29 13
122 16 15 20 18 32 10 2 6 23 5 24 13 12 29 28 1 3
217 17 18 30 20 26 28 22 8 7 3 34 4 13 27 10 15 24 1
83 21 1 32 29 19 14 2 21 27 11 5 17 22 10 20 37 23 42 33 8 40 41
104 22 36 28 8 23 1 11 41 31 16 17 10 37 2 12 35 6 21 14 18 29 4 26
154 22 19 12 32 26 35 25 8 28 41 37 5 36 29 43 30 14 23 24 15 16 11 4
86 22 7 34 24 37 31 32 29 5 4 43 12 19 6 36 30 14 33 25 9 16 23 27
164 23 30 7 9 14 42 23 20 37 19 39 38 34 8 44 24 40 32 4 28 25 27 33 22
117 25 34 12 32 42 13 35 16 7 50 38 46 27 43 21 6 29 45 2 40 22 9 4 25 19 44
211 25 22 27 24 48 16 29 38 21 8 50 35 13 17 36 12 25 37 31 10 7 19 46 28 23 43
200 27 18 31 2 42 29 33 13 9 41 34 22 49 28 4 5 7 45 47 27 32 1 46 25 16 40 39 43
147 29 45 48 35 44 12 6 13 42 37 3 46 52 23 10 40 56 49 2 41 29 11 20 14 36 25 27 4 24 17
108 29 44 14 15 7 41 35 2 54 39 26 16 29 21 56 9 18 6 55 4 25 40 57 17 51 23 13 10 24 46
133 29 6 41 44 20 29 18 15 50 24 14 49 37 4 9 8 25 23 27 35 51 34 33 46 53 17 32 16 28 10
307 30 28 56 24 60 48 32 10 16 46 1 23 33 31 27 22 9 21 36 52 14 30 19 59 12 41 8 50 37 5 4
93 31 17 3 61 19 10 15 52 14 50 31 47 16 32 48 13 44 26 60 2 18 58 54 42 29 36 38 12 37 57 25 9
141 31 36 15 58 29 55 28 17 16 25 7 41 42 27 35 13 6 60 9 49 61 30 3 2 51 37 54 8 18 43 19 12
302 33 25 32 53 65 2 63 46 49 29 39 26 44 66 35 8 57 14 17 34 23 11 21 10 42 3 33 43 60 16 27 52 48 22
211 36 2 71 60 9 62 34 65 56 24 51 57 45 39 70 14 28 50 35 36 7 72 10 37 41 49 31 20 21 64 16 5 4 13 61 66 25
243 36 51 72 13 38 67 27 11 24 64 61 14 23 66 18 65 63 22 58 42 17 45 62 69 2 4 43 21 53 9 19 37 44 50 28 41 49
239 37 16 44 58 56 26 51 31 13 17 21 52 48 24 49 32 29 39 10 37 46 5 4 59 30 69 64 15 35 60 54 11 36 12 40 20 14 22
298 38 20 13 64 9 14 50 55 41 4 43 60 71 51 39 28 42 48 38 62 31 68 18 26 6 30 53 29 15 12 3 69 33 54 36 73 52 61 22
236 45 47 36 45 38 88 27 42 66 22 57 69 84 64 39 55 8 3 53 10 63 87 76 6 12 40 72 26 23 14 73 33 24 7 41 31 29 46 51 65 83 43 75 30 1 52
221 46 29 82 67 36 58 17 62 64 30 91 80 31 42 35 63 14 45 23 44 10 71 87 47 16 24 32 6 76 25 54 51 27 40 81 90 56 12 69 4 55 70 86 78 37 65 46
108 46 14 67 21 11 73 5 68 31 38 3 20 51 50 48 22 39 82 69 16 49 35 78 53 7 37 8 65 72 80 92 76 12 66 23 83 45 75 41 61 36 34 4 10 91 29 52
232 46 48 86 17 19 87 30 16 63 18 69 33 45 42 67 65 56 35 50 70 88 57 34 12 15 43 68 14 53 58 24 13 59 78 79 66 49 29 62 22 32 23 82 10 3 92 5
313 50 28 30 85 62 64 75 88 45 61 38 54 89 1 93 26 37 66 47 27 19 29 55 50 4 92 32 25 15 77 36 49 96 81 82 7 97 21 72 22 79 52 51 68 14 24 80 73 94 48 13
103 50 60 95 87 63 11 10 30 37 59 58 5 31 79 40 39 23 43 99 54 26 48 6 83 96 77 94 29 72 46 32 78 36 71 47 76 51 56 24 13 25 52 45 28 82 41 44 80 35 100 19
265 50 65 18 57 32 54 43 81 84 79 19 29 63 76 7 95 14 50 39 85 34 55 73 87 23 42 4 15 69 16 60 25 99 82 37 22 11 21 20 77 8 30 44 5 45 3 90 61 13 9 93
299 50 25 54 59 23 15 100 73 12 35 65 97 16 80 27 26 60 90 64 77 74 50 86 92 91 31 13 38 68 11 39 44 72 58 61 87 94 22 45 32 3 21 4 48 55 6 78 37 5 66 10
375 51 79 77 12 38 41 82 78 74 44 30 68 13 91 67 29 88 35 3 8 39 22 1 97 9 54 80 71 31 6 24 96 36 18 11 81 53 25 5 69 42 40 63 15 62 58 84 72 27 90 95 87
140 52 14 53 103 18 17 95 75 11 104 91 21 67 50 86 29 36 66 89 31 100 23 60 38 68 101 87 2 10 58 74 4 84 28 9 69 59 46 77 73 85 81 34 27 61 49 80 39 35 76 70 47 7
432 52 77 80 94 101 64 65 68 88 51 4 3 104 82 5 22 63 21 27 29 44 40 71 46 1 78 52 79 61 55 34 30 66 48 56 13 73 6 49 8 50 81 45 98 18 28 69 90 36 20 57 89 91
116 53 102 70 61 5 21 87 71 101 16 11 98 77 41 51 13 92 7 106 94 53 57 14 81 104 33 6 105 85 89 80 28 27 24 40 52 12 25 97 18 86 8 3 54 100 37 79 58 78 29 72 96 4 83
113 53 44 47 1 88 61 26 51 28 13 17 64 59 27 65 83 89 67 81 103 4 86 5 55 102 41 96 90 23 10 58 48 18 104 62 76 63 82 7 22 8 70 79 6 35 29 84 91 97 53 56 20 78 33
580 53 17 46 71 43 29 44 36 38 62 93 6 45 94 15 75 27 8 70 32 14 49 82 69 20 16 31 28 92 103 33 50 59 7 66 1 57 99 48 19 52 39 98 35 88 54 47 21 104 105 95 81 76 100
297 53 52 91 11 40 50 48 96 59 68 100 94 24 65 89 30 47 38 26 74 36 97 83 46 12 20 104 61 16 62 6 77 87 95 21 55 85 1 44 8 15 106 103 76 10 19 18 42 34 92 4 101 17 32
386 54 3 106 18 73 69 26 99 103 2 27 96 80 46 62 6 85 84 54 65 11 25 63 21 83 60 98 93 20 8 81 91 67 48 31 71 29 35 4 68 30 7 53 66 72 45 51 14 76 107 82 28 12 19 52
131 55 82 5 73 15 91 7 62 75 16 68 84 90 85 52 89 46 22 58 98 18 83 70 94 79 33 41 35 100 69 93 49 77 39 60 76 30 11 17 96 34 31 12 88 54 10 67 19 105 48 3 26 4 74 78 86
252 55 39 1 76 86 87 44 107 55 4 26 3 62 60 71 75 25 89 92 54 12 27 56 29 104 13 28 74 17 97 93 48 110 68 20 88 58 2 102 8 53 19 9 34 57 52 72 100 77 65 109 41 35 83 103 11
207 55 67 50 19 51 58 21 71 77 94 24 72 101 86 56 110 90 62 74 63 66 97 31 32 45 61 35 93 30 37 42 99 100 27 23 55 12 88 33 22 104 18 57 98 11 53 4 26 76 68 75 9 38 64 80 89
257 56 48 105 72 25 9 93 19 14 41 31 13 55 24 60 56 12 76 46 89 64 73 26 10 51 84 29 81 59 77 11 103 62 108 83 50 2 33 16 18 53 40 3 4 101 87 21 96 100 102 75 80 68 111 38 22 107
281 58 70 64 2 26 48 47 98 37 108 16 109 107 97 13 84 76 114 54 58 71 67 32 5 45 10 78 34 14 80 8 29 95 43 55 51 53 21 83 94 22 7 11 73 100 52 35 42 86 20 75 101 105 25 50 112 96 57 27
104 58 34 31 100 15 59 85 46 4 10 83 19 44 7 9 13 65 47 71 29 50 42 52 1 28 105 33 6 66 113 14 79 103 27 64 92 90 72 5 80 43 96 81 106 97 55 22 75 107 68 37 98 56 87 12 102 21 20 49
547 59 18 102 113 49 29 99 22 21 79 4 97 96 65 57 36 83 50 1 13 35 81 58 28 78 7 76 90 98 64 51 85 69 26 27 84 92 110 109 10 25 118 53 75 74 68 44 43 9 71 91 94 66 19 34 105 32 82 40 24
303 60 35 79 112 78 24 1 101 26 7 44 37 15 111 31 52 106 17 63 64 48 47 67 104 65 73 98 51 21 97 33 113 118 100 38 88 83 9 102 91 46 89 39 82 42 14 45 23 30 58 6 94 29 13 114 22 27 76 85 54 120
295 62 100 40 6 101 76 124 2 61 107 94 71 23 78 86 88 20 109 96 92 46 52 41 99 110 91 19 69 10 85 58 115 17 70 67 84 13 121 63 62 90 74 87 4 59 18 72 16 111 113 12 105 80 79 77 103 47 55 73 7 50 34 95
314 63 71 119 33 105 23 52 64 42 98 111 78 20 10 84 7 54 125 90 96 104 106 121 82 75 13 93 53 72 56 32 117 22 21 28 11 24 45 29 40 115 107 110 122 69 67 83 77 94 30 60 74 26 4 59 109 58 123 66 9 101 16 12 18
185 63 45 56 61 24 58 3 73 65 15 40 75 90 46 10 96 28 114 97 17 116 89 77 68 18 36 54 124 37 16 74 8 30 111 48 63 78 1 98 79 125 71 123 50 103 9 6 31 84 99 13 23 35 64 12 26 104 121 34 95 76 7 91 67
373 63 92 62 22 46 9 86 49 96 19 63 39 29 20 107 31 51 8 99 88 104 74 108 45 121 4 118 61 68 65 81 33 84 93 75 117 7 2 122 12 119 32 114 87 30 36 67 90 5 14 16 94 47 120 59 23 98 125 116 40 110 73 11 3
333 65 19 107 79 76 40 38 47 125 10 28 62 25 82 58 66 17 102 114 12 124 4 20 32 64 57 2 117 71 49 112 63 34 77 11 129 53 9 81 52 33 105 29 90 104 72 122 92 95 101 68 69 36 99 128 116 31 96 83 80 46 18 60 50 55 39
527 66 38 85 81 13 34 39 126 74 50 51 33 92 120 131 75 35 69 71 48 94 104 16 47 130 95 18 31 25 41 117 15 97 122 62 115 10 100 59 98 3 21 26 107 86 23 125 67 73 6 7 90 116 68 5 2 119 84 118 79 103 11 65 36 64 37 49
847 69 81 54 62 37 119 90 75 15 118 129 135 83 104 128 26 6 47 114 49 61 88 111 10 3 80 125 51 18 59 94 12 2 25 42 65 87 134 57 85 23 121 100 4 30 95 64 79 74 46 110 92 19 109 96 21 39 33 27 50 48 29 9 40 131 45 7 113 35 126
553 70 4 65 36 116 66 123 82 75 83 38 10 24 42 78 109 39 13 31 94 74 70 97 1 121 81 54 45 90 53 103 140 122 87 33 35 48 59 79 77 130 134 22 51 32 112 25 8 100 21 138 69 58 11 49 129 72 3 50 71 12 128 104 41 108 73 91 56 136 135 19
500 72 40 65 73 7 28 135 131 139 130 115 53 128 136 41 15 83 30 127 19 110 76 71 69 39 101 129 2 58 74 36 67 54 11 77 6 64 44 85 84 119 33 82 1 31 120 45 59 92 32 118 143 70 91 86 8 122 4 9 124 121 109 107 37 23 140 134 99 47 17 116 94 102
245 72 89 52 136 79 99 15 111 5 130 11 82 42 116 84 144 62 40 107 102 21 106 74 100 14 13 12 1 27 135 88 129 67 124 26 24 131 114 53 75 58 4 101 85 96 25 139 108 69 105 113 137 23 55 98 68 47 18 94 22 93 20 73 104 71 117 86 97 16 110 60 41 8
488 77 136 139 74 34 64 17 103 66 31 102 48 129 52 61 75 108 134 43 106 38 55 57 151 1 51 142 13 92 125 124 56 46 79 69 22 90 44 126 128 98 114 112 72 104 116 132 123 23 82 39 86 109 60 96 141 91 24 154 16 41 143 28 12 58 76 3 65 88 14 87 53 84 29 121 105 68 89
395 77 10 7 94 118 96 53 111 67 137 99 33 98 36 141 30 12 126 95 101 38 58 125 75 14 85 86 44 31 37 119 79 24 1 65 132 92 128 122 39 9 91 123 5 32 129 107 90 106 142 114 117 59 55 48 80 74 54 113 29 16 110 28 15 87 43 133 60 57 120 42 144 64 71 13 3 152 93
226 78 33 148 69 93 10 103 15 46 139 145 149 41 61 94 9 136 63 107 68 8 142 124 83 19 53 86 75 26 106 16 109 13 44 90 112 115 14 22 2 55 49 45 20 88 40 141 99 30 51 42 117 140 143 146 101 127 17 78 58 82 154 62 132 120 119 48 7 71 113 102 80 147 76 3 23 122 67 144
122 78 31 88 153 137 152 105 53 74 121 37 149 15 39 43 84 94 65 144 60 5 48 96 142 49 78 131 73 50 68 13 58 87 69 106 76 103 22 97 150 36 118 91 75 111 17 3 16 86 80 95 141 100 115 64 42 14 145 9 12 10 82 112 29 128 30 26 119 19 34 47 51 81 27 61 151 55 134 139
251 82 49 26 164 154 127 131 9 85 121 33 82 163 69 67 32 45 13 62 20 6 88 101 149 25 160 151 71 94 1 76 51 27 72 37 100 137 107 15 112 95 117 91 140 128 108 79 115 54 80 97 136 41 70 99 81 148 4 153 8 161 142 53 92 10 102 145 17 93 55 124 39 119 86 118 56 78 114 18 130 113 43 143
603 83 68 19 96 142 62 25 12 13 132 88 70 29 103 11 122 8 5 90 159 80 40 101 138 161 16 41 94 148 95 63 136 77 3 150 121 57 102 14 91 15 130 104 111 131 125 66 44 105 116 30 61 76 18 140 124 115 166 145 164 34 134 47 58 162 69 85 163 112 67 149 98 33 75 53 143 155 154 158 64 24 89 49 129
518 83 55 26 23 86 131 125 54 59 49 135 43 80 6 41 25 105 46 155 129 145 124 48 142 123 107 28 100 31 114 66 122 156 77 15 158 71 2 47 110 44 81 117 65 67 73 99 148 157 94 27 3 12 79 113 96 126 17 58 63 92 154 20 72 93 34 19 116 42 62 29 8 153 149 53 102 128 37 83 90 10 38 109 151
560 84 49 44 40 36 97 109 70 37 96 25 59 122 151 54 120 10 81 92 131 6 46 148 66 76 156 43 159 88 143 9 133 117 73 72 158 19 114 28 93 162 65 95 168 63 7 11 33 60 57 8 18 163 118 34 141 75 161 145 98 78 61 104 58 53 140 89 132 77 134 51 115 3 64 160 150 23 121 68 69 38 2 113 164 91
647 84 26 36 19 21 23 46 166 106 144 72 25 122 11 58 28 155 91 108 7 129 51 161 30 159 15 66 5 109 48 59 136 138 133 8 44 90 158 104 37 40 117 18 139 119 142 164 134 88 80 116 74 33 52 84 29 65 111 163 85 160 61 9 43 124 32 95 135 121 81 147 89 140 151 54 69 86 102 76 153 82 92 38 56 6
302 85 123 144 43 74 132 24 152 124 111 34 129 21 165 82 96 130 104 109 95 50 14 103 86 142 127 125 61 62 119 40 3 17 26 131 15 97 53 65 48 63 32 161 64 12 2 135 118 147 7 87 146 6 10 121 38 164 81 16 37 138 167 55 31 139 75 70 44 170 148 92 137 80 153 58 126 107 141 84 51 102 151 114 79 99 45
820 85 100 10 20 71 143 14 40 58 93 51 120 61 134 72 158 45 130 76 86 12 35 115 74 30 27 133 151 113 153 29 90 75 88 9 163 22 81 46 2 103 48 66 7 112 21 161 102 136 94 67 83 84 137 3 89 63 39 47 167 34 33 60 77 129 104 169 110 4 16 146 68 117 50 85 135 65 31 95 138 96 156 44 80 6 23
688 86 130 16 60 133 58 55 70 82 169 42 20 135 43 65 50 40 88 14 5 9 119 23 159 84 13 85 140 29 116 134 57 53 146 93 51 48 155 132 137 107 83 61 149 69 90 56 104 63 41 95 117 49 156 98 111 17 21 113 129 68 46 167 11 139 164 127 170 27 18 106 2 131 22 162 77 28 67 10 24 75 112 3 145 125 12 163
472 87 33 126 31 173 54 110 125 36 131 157 113 7 63 155 61 24 86 22 97 38 69 16 99 79 5 108 62 67 89 28 144 1 47 95 165 169 37 153 104 130 146 87 114 147 129 109 3 76 17 25 140 141 27 6 30 41 159 18 64 107 134 156 123 112 35 70 51 13 164 45 90 158 94 137 174 166 171 85 65 170 120 46 81 39 102 4 92
298 90 152 134 47 124 8 112 11 100 61 44 163 141 154 168 108 119 118 83 116 62 149 109 10 156 12 106 122 5 137 114 95 93 158 55 173 72 49 9 165 38 31 60 105 111 54 7 59 178 160 104 94 77 33 110 16 127 88 3 133 67 15 167 21 148 75 58 170 46 131 64 13 14 50 30 125 56 36 121 25 146 42 51 40 87 53 70 69 128 84 45
160 90 85 117 125 50 170 78 88 6 122 157 161 110 60 71 43 74 28 33 140 66 58 154 9 151 3 163 7 57 45 25 164 171 126 101 40 105 130 18 12 176 98 19 95 89 93 20 159 107 44 79 178 22 174 119 35 2 106 67 168 62 111 84 13 142 144 115 59 153 72 49 152 135 173 175 48 133 4 90 141 129 169 143 127 139 1 99 10 15 21 83
421 90 87 76 79 64 145 140 137 77 103 52 159 61 117 170 152 8 81 154 25 98 83 135 12 97 27 41 28 58 72 26 92 17 1 35 125 45 150 3 43 162 55 106 40 57 38 93 89 50 10 75 173 47 100 161 5 148 85 147 20 174 39 115 74 160 96 172 32 167 53 138 118 78 101 16 114 155 180 144 164 94 102 30 24 151 157 60 171 104 68 59
384 91 63 176 78 89 42 113 140 112 149 71 61 99 167 34 111 122 118 163 40 32 53 54 58 127 74 27 72 33 55 2 81 169 44 148 26 144 36 128 79 8 96 103 114 158 116 5 23 20 101 126 179 153 68 177 150 145 70 43 161 152 107 155 132 129 73 41 146 51 110 117 136 175 133 123 168 164 67 80 172 171 66 83 60 93 45 4 98 13 37 57 15
780 93 8 119 73 98 180 74 109 145 116 80 132 142 46 34 54 77 58 182 133 123 66 159 160 13 144 154 5 170 121 168 2 150 95 120 33 65 153 138 82 60 106 88 79 17 62 99 16 143 124 57 171 181 100 127 136 129 18 41 135 183 22 32 97 63 184 72 134 26 166 45 125 178 140 83 56 36 112 81 51 158 31 155 167 96 70 47 85 90 186 110 40 91 101
516 93 184 152 119 179 91 76 123 61 150 162 148 108 105 153 79 183 171 147 87 51 166 50 128 134 143 5 70 93 45 97 12 85 62 154 95 41 49 177 23 55 126 99 149 26 146 180 110 16 111 24 98 113 114 139 21 29 178 71 145 172 141 38 74 142 30 64 73 4 72 14 13 101 1 125 86 80 151 7 118 37 39 31 115 155 2 35 176 170 163 65 158 144 175
761 93 182 40 100 94 181 46 168 57 186 130 134 36 83 21 170 98 158 146 118 56 131 18 106 128 16 84 161 61 72 9 75 14 133 92 141 144 167 31 80 156 49 112 17 124 172 41 135 66 87 23 76 44 175 132 52 149 177 67 51 54 12 5 85 138 180 20 107 11 108 171 2 123 47 34 13 82 160 137 111 143 62 24 29 91 117 8 10 27 104 15 126 185 122
686 94 113 9 30 62 154 100 87 41 105 8 12 162 172 10 115 11 130 140 137 139 25 187 179 20 185 124 170 40 28 43 133 98 103 79 56 107 136 47 75 77 175 57 48 17 96 182 128 147 94 171 42 58 15 112 59 71 4 93 70 156 125 117 54 6 121 104 82 91 76 92 88 19 60 53 13 45 174 46 152 3 31 81 144 108 84 116 122 126 23 127 150 184 99 68
485 95 84 6 94 79 171 166 91 99 139 147 82 63 183 146 122 186 83 51 88 138 29 12 34 21 2 39 113 14 27 120 52 155 151 80 76 148 109 17 187 28 16 59 93 127 152 125 175 95 36 176 65 77 43 66 103 158 117 20 123 178 44 86 38 135 157 10 30 85 40 154 73 110 130 150 1 74 55 173 143 177 126 165 172 50 67 48 69 144 105 179 61 13 149 97 140
676 95 109 168 69 115 149 126 15 41 59 186 62 28 107 174 23 64 75 81 121 102 66 156 163 78 134 3 155 135 164 171 125 136 169 71 82 63 95 100 166 47 122 7 152 67 45 129 92 162 118 138 179 167 139 12 5 103 2 17 44 37 142 57 70 60 176 140 9 181 182 91 96 51 16 93 177 46 77 87 188 124 175 42 56 65 6 158 29 113 112 85 173 144 110 84 160
485 96 37 175 171 178 179 111 68 74 98 176 138 133 24 146 124 162 79 69 191 34 145 160 177 45 76 38 141 53 72 167 93 46 128 13 90 56 73 182 122 103 81 7 31 43 148 20 1 32 180 84 168 11 60 10 26 149 186 61 184 28 91 114 58 88 104 107 5 49 151 181 189 51 71 159 19 82 87 156 185 112 63 169 152 44 139 158 70 65 192 47 126 147 3 52 2 137
263 98 113 105 186 175 124 131 3 6 39 130 95 51 70 84 135 21 43 35 141 157 18 58 66 25 142 164 96 162 171 98 85 73 64 92 23 33 161 46 118 89 147 173 40 82 28 117 185 107 126 97 74 169 129 193 56 77 65 177 94 59 182 120 67 115 110 195 153 111 81 87 116 106 78 49 53 45 109 121 151 112 5 1 163 167 11 24 101 179 55 194 170 103 122 61 71 69 174 37
754 99 22 129 142 179 108 80 114 79 117 196 12 135 55 185 125 5 190 121 56 97 25 127 180 113 57 181 154 186 130 119 166 106 160 172 11 66 146 157 78 58 89 136 131 15 68 49 175 191 167 102 94 104 9 122 67 173 16 45 155 116 7 31 193 13 8 128 110 43 70 153 84 101 158 77 41 4 32 141 61 183 139 76 137 115 21 53 36 105 40 92 10 156 133 126 198 28 75 51 85
433 100 39 44 197 97 9 179 129 145 141 151 79 59 83 96 199 68 120 147 125 17 63 126 15 194 184 183 14 168 38 26 92 89 72 50 99 159 36 138 178 35 116 182 160 46 102 20 74 127 23 139 43 104 135 62 172 58 149 185 108 161 57 132 148 84 30 103 94 119 55 115 25 152 80 53 95 37 198 123 173 169 19 32 70 133 106 191 60 153 142 112 16 175 143 81 33 76 40 98 122 85
298 100 46 127 185 152 24 41 4 26 117 28 13 105 53 54 47 115 172 114 29 87 51 18 38 149 88 70 174 71 126 17 66 133 155 119 106 107 134 113 8 68 32 181 143 196 81 7 14 110 62 122 91 58 198 104 45 112 96 64 72 82 92 193 138 179 93 163 42 59 102 161 60 19 182 97 137 139 109 151 128 178 200 9 184 37 116 55 183 187 186 131 147 30 33 34 135 173 162 160 44 101
511 102 104 63 25 73 147 90 57 139 129 45 75 106 78 100 23 186 153 107 175 181 110 84 161 31 81 158 98 102 22 69 152 169 203 108 80 38 113 11 13 85 2 48 143 42 95 65 138 114 60 185 40 141 125 173 118 149 116 99 41 160 178 137 150 148 15 34 83 14 174 168 163 131 89 122 121 127 5 156 197 177 133 123 21 72 51 135 189 53 136 59 26 54 183 94 134 20 159 66 35 142 201 92
305 102 86 30 25 80 79 182 188 171 89 81 55 75 12 47 26 124 138 107 31 66 159 102 125 150 195 101 153 22 143 83 82 103 189 50 136 149 70 193 37 145 72 163 11 148 27 44 71 51 121 178 23 39 115 119 100 140 57 87 174 122 114 17 32 156 135 120 168 33 160 198 35 173 18 85 144 194 6 190 146 187 5 108 95 177 65 62 128 43 56 157 28 96 7 111 8 73 142 130 34 129 109 9
